0.01	 -4.736436362459581E-9 -1.1735662134494675E-10	0.0006578484844179584 -1.17357293015451E-10
0.02	4.768474162033355E-8 -2.999348857811909E-11	 -0.0003509806011860358 -2.999417523437481E-11
0.03	 -1.6600277827247163E-8 -1.0395893412452691E-10	 -3.2732702381005546E-6 -1.0396428916736483E-10
0.04	8.939444575530698E-9 +1.2148472289142104E-10	 -0.00001987098897107789 +1.2149584812074327E-10
0.05	 -2.2700964564926885E-8 -1.0403994464882393E-11	 -0.00002643943269755424 -1.0405483204098883E-11
0.06	8.88810467200882E-9 -7.153744990064036E-11	 -0.000048042212939808986 -7.155219094099631E-11
0.07	 -1.4106764217663785E-8 -2.191738658570631E-10	2.598115832170762E-6 -2.192353400995595E-10
0.08	1.5338534491920402E-8 +1.5372191178872285E-10	0.000013926723806771216 +1.537782292065467E-10
0.09	 -1.5133055960611137E-8 -1.899353790869237E-11	2.5775286449729677E-6 -1.900234513187375E-11
0.1	 -1.2415732738209801E-8 -4.181846770521821E-11	 -9.705869780313386E-8 -4.1842408570890986E-11
0.11	3.0777001358972955E-9 +4.4749722471165555E-11	 -3.373458839022263E-6 +4.478072331804549E-11
0.12	1.647164597310772E-8 +2.1296527192894495E-10	9.318111813014538E-7 +2.1314086109573256E-10
0.13	3.2187467506143244E-9 -4.60182825387996E-11	9.619330434418316E-7 -4.606281478808492E-11
0.14	 -9.628663298776195E-11 -1.7008896386711798E-10	0.0000227902655110215 -1.702798715035408E-10
0.15	1.4456209464065573E-8 -7.780206546457436E-11	0.000012119535054282508 -7.790231925501508E-11
0.16	1.4929083418051216E-8 -6.492059931482273E-11	 -0.0000450634186695656 -6.501578862857908E-11
0.17	2.3638725808070744E-8 +9.276552691866797E-11	 -0.00003763096050893413 +9.291909155414644E-11
0.18	3.109063242247969E-8 -1.356626338163015E-10	 -0.00001929420261538018 -1.3591443371179144E-10
0.19	3.874815286737716E-8 -2.5312243362525846E-11	 -0.00008247229952618584 -2.5364595468756548E-11
0.2	4.5091552615240794E-8 -4.811957432772296E-11	 -0.00006378468561751015 -4.8229861908405854E-11
0.21	5.499155211855058E-8 -8.67700270074642E-11	0.000011344267383579848 -8.69893096115972E-11
0.22	6.857228339061681E-8 -3.699755242678905E-11	 -0.000018101670265374885 -3.7100180866253174E-11
0.23	8.924244454533437E-8 +1.3740971024395443E-10	 -0.000011919312425813767 +1.3782636704234661E-10
0.24	1.0290164460442426E-7 +3.069636026843597E-11	 -0.000027859325485427123 +3.079772181946117E-11
0.25	1.1586930690641482E-7 -2.6178185176462504E-11	0.0000317178484433619 -2.6271994161164204E-11
0.26	7.638859135362786E-8 +9.417789777772375E-11	5.715335519485409E-6 +9.454297444040187E-11
0.27	 -8.453379362760171E-9 -1.0302821095767022E-53	 -0.00002037009254982378 +5.1509809824883E-66
0.28	4.2730374803944136E-7 -1.1080195506873562E-53	 -5.393077513526089E-6 +5.539600964241438E-66
0.29	4.855766579607517E-7 -1.188584838526588E-53	1.3274091764864587E-6 +5.942352532338189E-66
0.3	3.1413520765702875E-7 -1.271978083370967E-53	6.773859021488757E-6 +6.359235781108546E-66
0.31	1.722190860702026E-7 -1.3581993993393934E-53	 -5.7892556748813434E-6 +6.790250647665846E-66
0.32	2.816731598582262E-7 -1.4472489043902682E-53	 -0.000013725962488551233 +7.2353971424912E-66
0.33	3.8259793312112864E-7 -1.539126720318707E-53	0.00001356378734642918 +7.69467528654683E-66
0.34	1.5095671882884668E-7 -1.633832972753443E-53	 -6.081398080226563E-6 +8.168085058870514E-66
0.35	4.272854904793685E-7 -1.7313677911538485E-53	 -1.723872309427137E-7 +8.655626469943361E-66
0.36	3.4711698733476455E-7 -1.8317313088067634E-53	 -0.000010078252207034876 +9.157299488322043E-66
0.37	3.3538572867068217E-7 -1.9349236628232062E-53	 -7.27148885670414E-6 +9.67310418737433E-66
0.38	5.241028722453907E-7 -2.0409449941350658E-53	9.980774173554449E-6 +1.020304049373245E-65
0.39	6.619068965029049E-7 -2.149795447491677E-53	 -0.000010079421714455823 +1.0747108438839734E-65
0.4	6.510610606356324E-7 -2.261475171456242E-53	2.2280381438411754E-6 +1.1305308064620625E-65
0.41	7.400821873362576E-7 -2.3759843184022764E-53	 -5.532924679932896E-6 +1.1877639266264018E-65
0.42	9.643157898206365E-7 -2.4933230445098526E-53	2.7303582992217386E-6 +1.2464102106656574E-65
0.43	1.0967362664457721E-6 -2.613491509761804E-53	 -5.410268253814154E-7 +1.3064696627722737E-65
0.44	1.0407229368004356E-6 -2.736489877939894E-53	6.200289471641545E-7 +1.3679422724651404E-65
0.45	1.2558965774834552E-6 -2.862318316620712E-53	8.623406449556922E-6 +1.4308280481291451E-65
0.46	1.3830671852561921E-6 -2.990976997171722E-53	 -4.58661332486193E-6 +1.4951269855718448E-65
0.47	1.4051881557930056E-6 -3.122466094747054E-53	1.195885061299072E-6 +1.5608390931781267E-65
0.48	1.5234505208296779E-6 -3.2567857882832124E-53	3.8020531496156474E-6 +1.627964364659325E-65
0.49	1.7489894755847765E-6 -3.3939362604947744E-53	6.038138876928866E-6 +1.696502785341886E-65
0.5	1.8821790947867013E-6 -3.533917697869987E-53	2.6429165226697173E-6 +1.766454384572917E-65
0.51	2.0572468483645474E-6 -3.676730290666145E-53	 -5.964803117274607E-8 +1.8378191351015325E-65
0.52	2.1489638948653295E-6 -3.8223742329050825E-53	2.951396484310412E-6 +1.9105970599861746E-65
0.53	2.3792132355453603E-6 -3.9708497223684157E-53	1.5948209074344453E-7 +1.984788146649511E-65
0.54	2.549907655230649E-6 -4.1221569605927747E-53	5.887441930780752E-6 +2.06039238251421E-65
0.55	2.752733230890511E-6 -4.276296152864889E-53	2.9676715217927147E-6 +2.137409805312267E-65
0.56	2.8998944927007253E-6 -4.433267508216713E-53	2.5171110810828376E-6 +2.215840373119243E-65
0.57	3.112343522262664E-6 -4.593071239420212E-53	3.098032399177723E-7 +2.295684108993579E-65
0.58	3.3836807233324473E-6 -4.755707562982419E-53	3.848570226423404E-6 +2.3769410192239417E-65
0.59	3.57352429517469E-6 -4.921176699140014E-53	4.122721544695827E-6 +2.459611080751889E-65
0.6	3.89735901849151E-6 -5.089478871854173E-53	4.249972471660191E-6 +2.5436943082509742E-65
0.61	4.091244263667211E-6 -5.260614308804997E-53	4.391161783227441E-6 +2.629190699624976E-65
0.62	4.371131327283337E-6 -5.434583241386237E-53	7.38390070594882E-6 +2.7161002527776726E-65
0.63	4.662395434667448E-6 -5.611385904699459E-53	5.802601146111509E-6 +2.8044229781901734E-65
0.64	4.973060580489893E-6 -5.791022537548615E-53	5.522754768402702E-6 +2.894158850707814E-65
0.65	5.3129141247101986E-6 -5.973493382434157E-53	5.076486523394566E-6 +2.9853079059663702E-65
0.66	5.622438778124311E-6 -6.158798685547188E-53	7.037054974158831E-6 +3.077870118811176E-65
0.67	5.954156921185295E-6 -6.346938696763711E-53	6.103513555570598E-6 +3.1718454913384545E-65
0.68	6.3052471699107405E-6 -6.5379136696384E-53	5.252653452800957E-6 +3.2672340193557614E-65
0.69	6.70568620400705E-6 -6.731723861398705E-53	6.915263487567497E-6 +3.364035725921539E-65
0.7	7.143542777030718E-6 -6.928369532938533E-53	6.2786231237002655E-6 +3.4622505900735666E-65
0.71	7.556043657858318E-6 -7.127850948812123E-53	8.031754563817714E-6 +3.561878618100511E-65
0.72	7.979542458824295E-6 -7.330168377227564E-53	7.654950871635487E-6 +3.6629198058099274E-65
0.73	8.44812087821525E-6 -7.535322090040475E-53	8.16329854821426E-6 +3.7653741594904823E-65
0.74	8.925306890730068E-6 -7.743312362747514E-53	8.976755901246992E-6 +3.869241674949732E-65
0.75	9.384768171439151E-6 -7.954139474479699E-53	8.560658079304062E-6 +3.974522356380119E-65
0.76	9.885306155734109E-6 -8.167803707995799E-53	0.00001046612159263218 +4.081216205877868E-65
0.77	0.000010450333550219662 +2.3812725581900466E-51	0.000010281834465773074 +4.189323204576978E-65
0.78	0.00001099043959303977 +2.3732139267327065E-51	0.000010978710365837106 +4.2988433797283375E-65
0.79	0.000011569487421820352 +2.3651415170786468E-51	0.000011967746803968018 +4.409776722947057E-65
0.8	0.000012171958756994698 +2.3570552964893952E-51	0.000011463116919553907 +4.522123213270918E-65
0.81	0.00001277352460617833 +2.3489552322072134E-51	0.000012327561104725687 +4.635882875854581E-65
0.82	0.000013437995959838151 +2.3408412914553788E-51	0.00001303629757032354 +4.751055706505607E-65
0.83	0.000014101190599454845 +2.332713441438441E-51	0.000014057833472578438 +4.8676416926466595E-65
0.84	0.000014799861149675755 +2.3245716493424932E-51	0.0000141921606591211 +4.9856408468550736E-65
0.85	0.000015509640087456258 +2.3164158823354568E-51	0.00001541434200468138 +5.1050531649384045E-65
0.86	0.000016262127175273823 +2.3082461075673248E-51	0.00001602457454519668 +5.225878646896651E-65
0.87	0.00001702152590833929 +2.3000622921704577E-51	0.000016365209271021986 +5.348117284344926E-65
0.88	0.0000178254249044348 +2.2918644032598453E-51	0.000017635674065788165 +5.4717690940530056E-65
0.89	0.000018653441699054037 +2.283652407933375E-51	0.000019022734329504835 +5.596834067636001E-65
0.9	0.000019504794088265743 +2.275426273272107E-51	0.000020034429562969605 +5.7233121925165806E-65
0.91	0.000020386272228359003 +2.2671859663405442E-51	0.000019956193741724293 +5.8512034896569654E-65
0.92	0.000021293584280285064 +2.2589314541869116E-51	0.000021353092972086495 +5.980507959057155E-65
0.93	0.000022244265007479403 +2.2506627038434107E-51	0.00002148813926195748 +6.111225583947372E-65
0.94	0.000023211536655936085 +5.950773962586622E-51	0.000022066020262622453 +6.243356368520063E-65
0.95	0.00002422099701676822 +5.951302736966443E-51	0.000023432790625945554 +6.376900316967669E-65
0.96	0.000025250955708863194 +5.951836991992397E-51	0.000023581310623102225 +6.5118574292901915E-65
0.97	0.000026333831415892706 +5.952376724091917E-51	0.00002614644929774154 +6.648227701295187E-65
0.98	0.00002744558851241618 +5.952921929657787E-51	0.000024832374041757794 +6.786011153944876E-65
0.99	0.000028574047352894583 +5.953472605048285E-51	0.00003083702008443578 +6.9252077536997034E-65
1.	0.000029741066201464885 +5.954028746587292E-51	0.000029356465074025516 +7.065817517329448E-65
1.01	0.0000309595114587798 +5.954590350564253E-51	0.00003189774222343176 +7.207840457411441E-65
1.02	0.00003220825398406488 +5.955157413234417E-51	0.00003353107562460351 +7.351276548791018E-65
1.03	0.000033478465654560545 +5.955729930818817E-51	0.00003439884212431399 +7.496125808237956E-65
1.04	0.00003482043403114766 +5.956307899504411E-51	0.00003514373530894627 +7.64238823155981E-65
1.05	0.00003617776882606186 +5.956891315444132E-51	0.000037250750497442984 +7.790063827141469E-65
1.06	0.00003757004689249517 +5.957480174757051E-51	0.00003809825639263427 +7.939152565635823E-65
1.07	0.00003900472125735106 +5.958074473528352E-51	0.000038599069723522496 +8.089654488967316E-65
1.08	0.00004048923826010869 +5.958674207809545E-51	0.000040762390071007125 +8.241569567788835E-65
1.09	0.000042009935165660185 +5.959279373618462E-51	0.00004381768563270854 +8.394897810485272E-65
1.1	0.00004358421892034256 +5.959889966939423E-51	0.00004445729289790121 +8.549639204479292E-65
1.11	0.00004519481341275016 +5.960505983723253E-51	0.00004381180637664712 +8.705793779118006E-65
1.12	0.00004683854567120336 +5.96112741988745E-51	0.00004486890387457844 +8.863361492476972E-65
1.13	0.0000485459562777819 +5.961754271316227E-51	0.00004846691847050345 +9.022342407442852E-65
1.14	0.000050285999308135946 +5.962386533860643E-51	0.00005173851038508269 +9.182736461128981E-65
1.15	0.00005208047394822801 +5.963024203338674E-51	0.00005325045869787038 +9.344543678690029E-65
1.16	0.00005391350762836329 +5.963667275535298E-51	0.000052216568739795984 +9.507764051741102E-65
1.17	0.00005579676623882026 +5.96431574620264E-51	0.000056751651799829075 +9.672397609629316E-65
1.18	0.00005773791286458031 +5.964969611060054E-51	0.00005736198591591538 +9.838444314622668E-65
1.19	0.000059730205796098904 +5.965628865794158E-51	0.000060134208420803 +1.000590419606827E-64
1.2	0.00006176396030335398 +5.966293506059038E-51	0.00006251010644542776 +1.0174777245581228E-64
1.21	0.00006385234072332408 +5.966963527476254E-51	0.00006368488010386227 +1.0345063438006886E-64
1.22	0.00006600122242543475 +5.967638925634985E-51	0.00006466969338124204 +1.0516762811077237E-64
1.23	0.00006819181842277333 +5.968319696092147E-51	0.00006687398690472276 +1.0689875331252727E-64
1.24	0.00007044354639162975 +5.969005834372451E-51	0.00007001539587339725 +1.0864401036265353E-64
1.25	0.0000727536518007836 +5.969697335968538E-51	0.0000728127168086148 +1.1040339871613346E-64
1.26	0.00007510986916540956 +5.970394196341061E-51	0.00007415810519157056 +1.1217691916953137E-64
1.27	0.00007753371395211759 +5.971096410918803E-51	0.00007839740734375503 +1.1396457096820736E-64
1.28	0.00008000756946837497 +5.971803975098772E-51	0.00007912850430279326 +1.1576635411216144E-64
1.29	0.00008254418911630207 +5.972516884246315E-51	0.00008069528119064378 +1.1758226948180686E-64
1.3	0.00008513552805929954 +5.973235133695198E-51	0.00008448175275268368 +1.1941231615480593E-64
1.31	0.00008779736029501455 +5.97395871874776E-51	0.00008684441322034838 +1.2125649459232746E-64
1.32	0.00009051205744932862 +5.974687634674958E-51	0.00008939900610200807 +1.2311480454282484E-64
1.33	0.0000933068768007501 +5.975421876716523E-51	0.0000923440490849556 +1.249872463416936E-64
1.34	0.00009614781147755709 +5.976161440081058E-51	0.00009511263864292874 +1.2687381944391599E-64
1.35	0.00009905914935509835 +5.976906319946116E-51	0.00009666432998558762 +1.2877452456220749E-64
1.36	0.00010203352044986976 +5.977656511458353E-51	0.00010068768952504254 +1.3068936110962598E-64
1.37	0.0001050732002974173 +5.978412009733583E-51	0.00010445650351436157 +1.326183291700203E-64
1.38	0.00010818891637616919 +5.979172809856967E-51	0.00010651546016746836 +1.3456142878531492E-64
1.39	0.0001113696231154122 +5.979938906883015E-51	0.00011018848324407104 +1.3651866037475421E-64
1.4	0.00011461475064684562 +5.980710295835819E-51	0.00011402522691758873 +1.3849002347716933E-64
1.41	0.00011794117133576861 +5.981486971709055E-51	0.00011686551773606282 +1.404755181764092E-64
1.42	0.00012133371675543608 +5.982268929466163E-51	0.00012108236080114691 +1.4247514455632268E-64
1.43	0.00012479638630790856 +5.983056164040438E-51	0.00012364181027549838 +1.4448890253306085E-64
1.44	0.0001283374988977636 +5.983848670335138E-51	0.00012769631614458393 +1.4651679227432153E-64
1.45	0.00013195095229605683 +5.984646443223611E-51	0.00013059065618504495 +1.4855881340278473E-64
1.46	0.00013564452481842595 +5.985449477549381E-51	0.00013328519736261952 +1.5061496625384598E-64
1.47	0.0001394103950110982 +5.986257768126305E-51	0.00013807555347394244 +1.5268525095327858E-64
1.48	0.0001432550040336793 +5.987071309738652E-51	0.00014099045174540578 +1.5476966708183815E-64
1.49	0.00014718407405902824 +5.987890097141228E-51	0.00014520821591631523 +1.568682150587691E-64
1.5	0.00015118341421124678 +5.988714125059511E-51	0.0001488594878998102 +1.5898089433905366E-64
1.51	0.00015527579620798224 +5.989543388189735E-51	0.0001531874987309815 +1.6110770525808743E-64
1.52	0.00015944390833147983 +5.990377881199021E-51	0.000156697775821481 +1.6324864806741696E-64
1.53	0.00016369634062123409 +5.991217598725513E-51	0.00016069970453878198 +1.654037224316468E-64
1.54	0.00016803455557762097 +5.992062535378466E-51	0.00016546744928718296 +1.675729284346258E-64
1.55	0.00017245995846772012 +5.992912685738383E-51	0.0001702307316012113 +1.6975626599250506E-64
1.56	0.0001769739062479553 +5.993768044357114E-51	0.0001746389454413904 +1.7195373510528464E-64
1.57	0.00018157373386407514 +5.99462860575801E-51	0.000178393078094135 +1.7416533635990663E-64
1.58	0.00018626235529647825 +5.995494364436E-51	0.00018359540533098418 +1.763910687501845E-64
1.59	0.00019104458647217973 +5.996365314857748E-51	0.000188230321352931 +1.7863093286306046E-64
1.6	0.00019591600448985876 +5.997241451461762E-51	0.00019314694982064395 +1.808849286146856E-64
1.61	0.00020088136453131096 +5.998122768658491E-51	0.0001977216104315926 +1.8315305592121096E-64
1.62	0.00020594180798054422 +5.999009260830469E-51	0.0002024795998183064 +1.8543531503418325E-64
1.63	0.00021109402632958884 +5.999900922332448E-51	0.00020766688001309054 +1.8773170586975363E-64
1.64	0.00021634562023576653 +6.00079774749149E-51	0.0002131376699334637 +1.9004222800867763E-64
1.65	0.00022169829350552296 +6.001699730607127E-51	0.00021835622152892667 +1.923668822055952E-64
1.66	0.0002271421555599344 +6.00260686595143E-51	0.00022329167658782274 +1.9470566753816862E-64
1.67	0.0002326918065334356 +6.003519147769187E-51	0.00022865155021877534 +1.9705858501258454E-64
1.68	0.00023834026621136512 +6.004436570277998E-51	0.0002340757401827281 +1.9942563379035405E-64
1.69	0.00024409594327001326 +6.0053591276684E-51	0.00024040712869861564 +2.0180681429072165E-64
1.7	0.00024995236334969783 +6.006286814104012E-51	0.00024591341682254236 +2.0420212642983842E-64
1.71	0.0002559168490037151 +6.007219623721615E-51	0.00025145137778168785 +2.0661157012385543E-64
1.72	0.00026198214896186353 +6.00815755063133E-51	0.0002571493071331437 +2.090351456243194E-64
1.73	0.00026816158562862307 +6.009100588916725E-51	0.0002633136419042351 +2.114728527635325E-64
1.74	0.0002744478076875657 +6.010048732634901E-51	0.00026932202862644877 +2.1392469137379702E-64
1.75	0.0002808458001941874 +6.01100197581669E-51	0.0002759200551747469 +2.163906617066596E-64
1.76	0.00028735099041752064 +6.011960312466718E-51	0.0002817719261868069 +2.1887076359442246E-64
1.77	0.00029397499272234396 +6.012923736563589E-51	0.0002887676956179485 +2.213649972886322E-64
1.78	0.00030070986767765176 +6.013892242059938E-51	0.0002952125368979905 +2.2387336253774227E-64
1.79	0.0003075609159745893 +6.014865822882648E-51	0.00030173691160531694 +2.2639585934175263E-64
1.8	0.00031453066239785064 +6.01584447293289E-51	0.0003085156777411913 +2.2893248778451212E-64
1.81	0.0003216188990725991 +6.01682818608633E-51	0.00031521657937676965 +2.3148324778217192E-64
1.82	0.0003288247735295297 +6.017816956193203E-51	0.00032251625271656687 +2.3404813975397638E-64
1.83	0.0003361533038435198 +6.018810777078448E-51	0.00032988801274583767 +2.3662716294528565E-64
1.84	0.00034360262304971515 +6.01980964254187E-51	0.00033670458868546085 +2.392203181107396E-64
1.85	0.00035117721519377723 +6.020813546358242E-51	0.0003443445517889011 +2.418276048310938E-64
1.86	0.00035887774258729435 +6.021822482277436E-51	0.0003516190626388617 +2.444490228548016E-64
1.87	0.00036670452604149593 +6.022836444024561E-51	0.0003593932251987218 +2.4708457285265415E-64
1.88	0.00037465912747481196 +6.023855425300092E-51	0.0003668684389027882 +2.4973425457310475E-64
1.89	0.0003827408043184048 +6.02487941977999E-51	0.0003746587340801947 +2.5239806776460674E-64
1.9	0.0003909589762957118 +6.025908421115849E-51	0.00038263925919271405 +2.5507601267870675E-64
1.91	0.0003993067741009176 +6.026942422935038E-51	0.00039051989868210267 +2.5776808923155597E-64
1.92	0.00040779019343270854 +6.027981418840774E-51	0.0003991533934980159 +2.6047429717160766E-64
1.93	0.00041640439719417246 +6.029025402412315E-51	0.0004071392638125446 +2.6319463700195518E-64
1.94	0.00042516045721995173 +6.030074367205093E-51	0.0004159553887332747 +2.65929108387203E-64
1.95	0.00043405291386003044 +6.031128306750779E-51	0.00042422536482367975 +2.686777114112E-64
1.96	0.0004430822576268293 +6.032187214557494E-51	0.0004332314501615181 +2.7144044607394613E-64
1.97	0.0004522561839929532 +6.033251084109901E-51	0.0004419797451783817 +2.7421731237544143E-64
1.98	0.00046157370842407153 +6.034319908869324E-51	0.00045074322818800173 +2.7700831056723253E-64
1.99	0.00047103231253474995 +6.035393682273934E-51	0.00046003054028729033 +2.7981343972698174E-64
2.	0.00048063921659407887 +6.036472397738828E-51	0.0004694198127584446 +2.8263270102857344E-64
2.01	0.0004903926571907812 +6.037556048656187E-51	0.00047862462643679906 +2.854660938012165E-64
2.02	0.0005002942967031085 +6.03864462839542E-51	0.0004884782656785039 +2.8831361821260877E-64
2.03	0.0005103463584583278 +6.039738130303257E-51	0.0004980193283213328 +2.911752744304479E-64
2.04	0.0005205516290525454 +6.040836547703939E-51	0.0005077129819675666 +2.940510621193385E-64
2.05	0.0005309086427353758 +6.041939873899318E-51	0.0005179180536198184 +2.9694098161467597E-64
2.06	0.0005414209803048972 +6.043048102168989E-51	0.0005279877389293408 +2.998450324133671E-64
2.07	0.0005520923007352699 +6.044161225770437E-51	0.00053822506549171 +3.0276321518620295E-64
2.08	0.0005629186407635253 +6.045279237939159E-51	0.0005486536681077746 +3.056955292623924E-64
2.09	0.0005739078148495242 +6.04640213188883E-51	0.0005593236129072131 +3.0864197531272654E-64
2.1	0.0005850569113523634 +6.047529900811396E-51	0.0005701105875307054 +3.1160255291796097E-64
2.11	0.0005963670801231539 +6.048662537877243E-51	0.0005807433783373396 +3.1457726174270024E-64
2.12	0.0006078448989911401 +6.049800036235295E-51	0.0005918398281604717 +3.1756610270928184E-64
2.13	0.0006194878083511194 +6.050942389013207E-51	0.0006030642115086447 +3.2056907556615926E-64
2.14	0.0006312981727013515 +6.05208958931743E-51	0.0006142154364976449 +3.235861792232971E-64
2.15	0.0006432790948301835 +6.053241630233429E-51	0.0006258779687758281 +3.2661741527382404E-64
2.16	0.0006554322777743395 +6.054398504825727E-51	0.0006376341655451537 +3.296627825438557E-64
2.17	0.0006677559728120267 +6.055560206138108E-51	0.0006491896029522916 +3.3272228153648537E-64
2.18	0.0006802540258252776 +6.056726727193746E-51	0.0006611941603581678 +3.357959118324687E-64
2.19	0.0006929314168909533 +6.057898060995308E-51	0.0006734708450078446 +3.3888367418644564E-64
2.2	0.0007057847577188459 +6.059074200525116E-51	0.0006856481652769624 +3.419855682630206E-64
2.21	0.0007188189577136899 +6.060255138745277E-51	0.000697869825386719 +3.4510159381064694E-64
2.22	0.0007320337451914767 +6.061440868597836E-51	0.0007107254057226144 +3.482317508293247E-64
2.23	0.0007454312093313075 +6.062631383004875E-51	0.0007237369781753797 +3.513760398221472E-64
2.24	0.0007590151772808676 +6.063826674868681E-51	0.0007367957076175036 +3.545344600344744E-64
2.25	0.0007727846464486329 +6.065026737071881E-51	0.0007496720463093551 +3.5770701230479514E-64
2.26	0.00078674205457722 +6.066231562477562E-51	0.0007630732698109954 +3.6089369596231854E-64
2.27	0.0008008898762182544 +6.067441143929438E-51	0.0007766084465658661 +3.640945110908932E-64
2.28	0.0008152302545465259 +6.068655474251931E-51	0.0007901856979391599 +3.673094582774615E-64
2.29	0.0008297643648327466 +6.069874546250391E-51	0.0008043945157300538 +3.7053853668353446E-64
2.3	0.0008444924262242505 +6.071098352711145E-51	0.0008186256638296114 +3.737817473152989E-64
2.31	0.0008594197292412241 +6.072326886401689E-51	0.0008326980810309166 +3.7703908891502134E-64
2.32	0.0008745457434453569 +6.073560140070838E-51	0.0008469960210709465 +3.803105623211907E-64
2.33	0.0008898721319171206 +6.074798106448797E-51	0.0008615743812447731 +3.835961677853538E-64
2.34	0.000905402543737092 +6.076040778247363E-51	0.0008764783709704328 +3.868959042174748E-64
2.35	0.0009211363569687275 +6.077288148160046E-51	0.0008911846682085272 +3.902097729591361E-64
2.36	0.0009370759349438128 +6.078540208862169E-51	0.0009066259135363662 +3.935377729203022E-64
2.37	0.0009532269016007327 +6.079796953011084E-51	0.0009218743111350452 +3.968799045202175E-64
2.38	0.000969585082856186 +6.081058373246206E-51	0.000937636385182722 +4.002361677588819E-64
2.39	0.0009861555667782136 +6.082324462189247E-51	0.0009532588119752566 +4.0360656288784204E-64
2.4	0.0010029427234140534 +6.083595212444282E-51	0.0009689588423646237 +4.069910895717025E-64
2.41	0.0010199444332215995 +6.08487061659795E-51	0.0009852878672084052 +4.1038974764276554E-64
2.42	0.001037162466433504 +6.086150667219539E-51	0.0010017105065800694 +4.1380253752027544E-64
2.43	0.0010546015310990585 +6.087435356861129E-51	0.001018103467017855 +4.1722945903653455E-64
2.44	0.0010722622791488222 +6.088724678057779E-51	0.0010349454643200895 +4.206705125269383E-64
2.45	0.0010901456990081366 +6.090018623327606E-51	0.0010518320016629182 +4.2412569723684685E-64
2.46	0.0011082567283647912 +6.091317185171948E-51	0.0010690513978081936 +4.275950134178069E-64
2.47	0.0011265945402000033 +6.092620356075502E-51	0.0010864443035028474 +4.310784614052137E-64
2.48	0.0011451617463216952 +6.093928128506461E-51	0.0011038495678527692 +4.345760409475209E-64
2.49	0.0011639598227126925 +6.095240494916641E-51	0.0011217412520456303 +4.380877522124261E-64
2.5	0.0011829924463764214 +6.096557447741636E-51	0.0011397770095107832 +4.41613595451476E-64
2.51	0.0012022603722488144 +6.097878979400948E-51	0.0011579898949788678 +4.4515357007772836E-64
2.52	0.0012217655396798194 +6.099205082298112E-51	0.0011763526022608376 +4.487076759234856E-64
2.53	0.0012415103958582589 +6.100535748820837E-51	0.0011950003978638895 +4.5227591382723626E-64
2.54	0.0012614970600257377 +6.101870971341177E-51	0.0012138710838752278 +4.558582832858873E-64
2.55	0.0012817268463024925 +6.103210742215616E-51	0.001233071398528446 +4.5945478455098525E-64
2.56	0.00130220274602742 +6.104555053785244E-51	0.0012523658279578833 +4.6306541753868124E-64
2.57	0.001322926680180011 +6.105903898375865E-51	0.0012717745221589242 +4.666901819135798E-64
2.58	0.0013439010926061153 +6.107257268298168E-51	0.0012916428678910246 +4.7032907775952966E-64
2.59	0.0013651257564331876 +6.108615155847835E-51	0.0013114561792233058 +4.7398210549577546E-64
2.6	0.0013866055929493948 +6.10997755330568E-51	0.0013318693974865004 +4.776492647030726E-64
2.61	0.0014083417190861077 +6.111344452937813E-51	0.0013522959116745827 +4.813305556329677E-64
2.62	0.0014303358336819924 +6.112715846995739E-51	0.0013730426085803375 +4.850259782854609E-64
2.63	0.0014525907439408353 +6.114091727716513E-51	0.0013939248284892823 +4.8873553249285445E-64
2.64	0.0014751070051806667 +6.115472087322879E-51	0.0014149999413813937 +4.924592181712994E-64
2.65	0.0014978892331449284 +6.116856918023418E-51	0.0014365213820780474 +4.961970357400401E-64
2.66	0.0015209381750065447 +6.118246212012648E-51	0.0014581520243339696 +4.999489848636811E-64
2.67	0.0015442569637920945 +6.119639961471195E-51	0.0014800644981920956 +5.037150653745246E-64
2.68	0.001567846373471174 +6.121038158565898E-51	0.0015021145643507707 +5.074952779433617E-64
2.69	0.0015917088136533485 +6.122440795449988E-51	0.0015244264595871075 +5.112896222347968E-64
2.7	0.0016158482950993295 +6.123847864263172E-51	0.0015470480370445786 +5.150980975780389E-64
2.71	0.0016402643268336264 +6.125259357131816E-51	0.0015700111939051006 +5.189207050631235E-64
2.72	0.0016649621551770813 +6.126675266169045E-51	0.0015931619493803225 +5.227574438515618E-64
2.73	0.0016899408376844945 +6.128095583474891E-51	0.0016164639617172634 +5.26608314362598E-64
2.74	0.0017152050511799958 +6.129520301136438E-51	0.0016399383640613295 +5.304733166800812E-64
2.75	0.0017407558074403872 +6.130949411227952E-51	0.0016640217236563088 +5.3435245030091804E-64
2.76	0.001766596246908439 +6.13238290581099E-51	0.0016881404237934349 +5.3824571614744624E-64
2.77	0.0017927280124991896 +6.133820776934595E-51	0.001712470081454603 +5.4215311279423474E-64
2.78	0.0018191541476336272 +6.135263016635349E-51	0.0017371595782930908 +5.460746417505635E-64
2.79	0.0018458763646477044 +6.136709616937576E-51	0.0017620984742961413 +5.5001030209409473E-64
2.8	0.0018728971107752107 +6.138160569853448E-51	0.0017874070748830442 +5.5396009424407285E-64
2.81	0.0019002183089818347 +6.139615867383118E-51	0.0018127424120256983 +5.579240177812536E-64
2.82	0.0019278432942300713 +6.141075501514875E-51	0.0018385009750714002 +5.619020727894857E-64
2.83	0.001955773866453226 +6.142539464225227E-51	0.0018646319734699807 +5.658942596041647E-64
2.84	0.0019840111006724902 +6.144007747479108E-51	0.0018907980796942121 +5.699005783091396E-64
2.85	0.0020125617036928192 +6.145480343229946E-51	0.0019172533441643672 +5.7392102873671243E-64
2.86	0.0020414211441740038 +6.146957243419815E-51	0.0019440861604311634 +5.7795561021609225E-64
2.87	0.0020705989862210097 +6.148438439979592E-51	0.001971253912159383 +5.8200432392116354E-64
2.88	0.0021000926897126694 +6.149923924829092E-51	0.0019987343324785385 +5.860671688457395E-64
2.89	0.0021299060060050814 +6.151413689877133E-51	0.002026315101467183 +5.9014414557676237E-64
2.9	0.002160041427089583 +6.152907727021744E-51	0.002054293103357807 +5.9423525403038334E-64
2.91	0.002190503580538936 +6.154406028150274E-51	0.002082444496838899 +5.9834049395505566E-64
2.92	0.0022212936561694834 +6.155908585139518E-51	0.0021109886763384838 +6.02459865686175E-64
2.93	0.002252411018806614 +6.157415389855835E-51	0.0021398897343729573 +6.0659336880449666E-64
2.94	0.002283863311981929 +6.158926434155305E-51	0.0021689525805772547 +6.107410034777187E-64
2.95	0.002315648857553293 +6.160441709883863E-51	0.0021983397648503824 +6.149027700412367E-64
2.96	0.002347773127546765 +6.1619612088774E-51	0.002228063171277036 +6.190786681596548E-64
2.97	0.002380237112850078 +6.163484922961905E-51	0.0022581494639166205 +6.232686980845199E-64
2.98	0.0024130433420285736 +6.16501284395363E-51	0.00228844412820799 +6.274728593127387E-64
2.99	0.002446194702767865 +6.16654496365917E-51	0.0023189271356246857 +6.31691152515102E-64
3.	0.002479693907588661 +6.168081273875618E-51	0.002349741314991623 +6.359235772723657E-64
3.01	0.00251354369025052 +6.169621766390705E-51	0.0023811448979776076 +6.401701335845298E-64
3.02	0.002547746076512951 +6.171166432982896E-51	0.002412551454248486 +6.44430821535443E-64
3.03	0.0025823049050126227 +6.172715265421558E-51	0.0024444222448244853 +6.487056412089541E-64
3.04	0.0026172191366431534 +6.174268255467064E-51	0.002476652170145736 +6.529945926050634E-64
3.05	0.0026524969908518553 +6.175825394870928E-51	0.00250906438747024 +6.572976748852818E-64
3.06	0.0026881373344515218 +6.177386675375953E-51	0.0025419486319738327 +6.616148895588895E-64
3.07	0.0027241455926720645 +6.178952088716307E-51	0.002574974071767157 +6.659462357873972E-64
3.08	0.0027605215407566774 +6.180521626617723E-51	0.002608314589784997 +6.702917137385032E-64
3.09	0.0027972667990699435 +6.182095280797556E-51	0.0026420618994097214 +6.746513230768116E-64
3.1	0.002834388117197643 +6.183673042964976E-51	0.0026761934017103415 +6.79025064137718E-64
3.11	0.002871886244148531 +6.185254904821038E-51	0.0027104275982369566 +6.834129367535248E-64
3.12	0.002909764275599508 +6.186840858058848E-51	0.0027451552848637797 +6.878149409242318E-64
3.13	0.0029480246863358233 +6.188430894363666E-51	0.0027802406646120787 +6.922310773206302E-64
3.14	0.002986670707901069 +6.190025005413057E-51	0.002815736065509987 +6.966613447688355E-64
3.15	0.0030257045727028536 +6.191623182876994E-51	0.0028513698158586383 +7.011057437719411E-64
3.16	0.003065129305173602 +6.193225418417998E-51	0.002887551399261996 +7.055642744976448E-64
3.17	0.0031049471949292514 +6.194831703691241E-51	0.002923730174573949 +7.100369374490399E-64
3.18	0.0031451614186029475 +6.196442030344713E-51	0.002960591534748805 +7.145237314522418E-64
3.19	0.0031857759150348912 +6.198056390019306E-51	0.0029976234872172033 +7.190246571780419E-64
3.2	0.003226791675834839 +6.199674774348967E-51	0.0030351200442945434 +7.235397146264401E-64
3.21	0.0032682131137016725 +6.20129717496081E-51	0.0030727192257648836 +7.280689034620407E-64
3.22	0.0033100420301095555 +6.202923583475222E-51	0.0031110491335087217 +7.326122241879371E-64
3.23	0.003352282013181076 +6.204553991506034E-51	0.003149344484731492 +7.371696769718271E-64
3.24	0.0033949351549982325 +6.206188390660597E-51	0.0031882943552887294 +7.417412603044308E-64
3.25	0.003438005421126513 +6.207826772539932E-51	0.0032274109574572662 +7.463269763658192E-64
3.26	0.0034814956421901477 +6.209469128738839E-51	0.0032670409231648724 +7.509268228082235E-64
3.27	0.003525408086936926 +6.211115450846046E-51	0.003306902108865754 +7.555408021471102E-64
3.28	0.0035697461631387893 +6.212765730444276E-51	0.0033471074358713895 +7.601689122024083E-64
3.29	0.003614512443089984 +6.214419959110435E-51	0.0033877681321236646 +7.648111548187933E-64
3.3	0.003659710113107629 +6.216078128415695E-51	0.003428577718110588 +7.69467527983892E-64
3.31	0.003705343325433403 +6.217740229925618E-51	0.0034700599926110617 +7.74138034045473E-64
3.32	0.003751413106776394 +6.219406255200281E-51	0.0035118137625186957 +7.788226709911633E-64
3.33	0.0037979234778702077 +6.221076195794401E-51	0.0035538551086606285 +7.835214396594518E-64
3.34	0.0038448774642959468 +6.222750043257454E-51	0.003596384250003863 +7.882343398826404E-64
3.35	0.0038922793637811847 +6.224427789133795E-51	0.0036393205140700553 +7.929613718284272E-64
3.36	0.003940130035020698 +6.226109424962755E-51	0.0036824329304556455 +7.97702535329114E-64
3.37	0.0039884340500009 +6.227794942278808E-51	0.0037261599919098387 +8.02457830552399E-64
3.38	0.00403719426982238 +6.229484332611652E-51	0.0037701222782778173 +8.072272571628866E-64
3.39	0.0040864138173826005 +6.23117758748633E-51	0.0038145122379736594 +8.120108159990655E-64
3.4	0.004136095890575036 +6.232874698423363E-51	0.0038592544048195966 +8.168085058870513E-64
3.41	0.004186243159187664 +6.234575656938867E-51	0.003904537280755678 +8.216203274976353E-64
3.42	0.004236859238283862 +6.236280454544649E-51	0.003950020305195489 +8.264462811662128E-64
3.43	0.004287947378762471 +6.237989082748354E-51	0.003995894453458274 +8.31286366054295E-64
3.44	0.004339510710545066 +6.23970153305356E-51	0.004042371200483259 +8.361405824972776E-64
3.45	0.0043915531241080635 +6.241417796959908E-51	0.004089118464616545 +8.410089308305559E-64
3.46	0.004444076747535643 +6.243137865963199E-51	0.004136291101577361 +8.458914107187346E-64
3.47	0.004497085674020715 +6.244861731555537E-51	0.004183788155098953 +8.507880223295111E-64
3.48	0.004550582532076491 +6.246589385225425E-51	0.004231790190675795 +8.556987659982814E-64
3.49	0.004604570888214927 +6.248320818457879E-51	0.004280224771764932 +8.606236402157654E-64
3.5	0.004659054551795305 +6.250056022734557E-51	0.004328992257941929 +8.655626468266384E-64
3.51	0.004714036672065894 +6.251794989533857E-51	0.004378106369991688 +8.705157849924118E-64
3.52	0.004769520431168948 +6.253537710331046E-51	0.004427850315103333 +8.754830547130853E-64
3.53	0.004825508845330091 +6.255284176598362E-51	0.004477907376017564 +8.804644554855659E-64
3.54	0.004882006053661288 +6.257034379805128E-51	0.004528372787485035 +8.854599891545288E-64
3.55	0.0049390150218176845 +6.258788311417876E-51	0.004579282926463224 +8.904696537076011E-64
3.56	0.004996539290413273 +6.26054596290044E-51	0.004630596959774241 +8.954934498155736E-64
3.57	0.0050545825645725885 +6.262307325714089E-51	0.004682247703373748 +9.005313774784463E-64
3.58	0.005113147135146302 +6.264072391317618E-51	0.0047344792139915335 +9.055834373670105E-64
3.59	0.005172238689528409 +6.265841151167486E-51	0.004786967834978068 +9.106496284750794E-64
3.6	0.00523185924656734 +6.267613596717888E-51	0.004840159982945801 +9.157299511380485E-64
3.61	0.005292011805236903 +6.269389719420911E-51	0.00489360432225295 +9.208244055236157E-64
3.62	0.005352701231837287 +6.271169510726605E-51	0.004947567133255174 +9.259329914640831E-64
3.63	0.0054139302388035064 +6.272952962083114E-51	0.005001907362988334 +9.310557092948465E-64
3.64	0.005475702767406182 +6.274740064936779E-51	0.005056761153507094 +9.3619255868051E-64
3.65	0.005538022644420028 +6.276530810732248E-51	0.005111988565364561 +9.413435399564695E-64
3.66	0.005600893098560711 +6.278325190912583E-51	0.005167773248913602 +9.465086524519337E-64
3.67	0.005664317620202573 +6.280123196919366E-51	0.005223855174084841 +9.51687896502298E-64
3.68	0.005728300366148451 +6.281924820192818E-51	0.005280634301396773 +9.568812721075628E-64
3.69	0.005792844575437276 +6.283730052171892E-51	0.005337707395410354 +9.620887799385187E-64
3.7	0.005857954398147583 +6.28553888429438E-51	0.005395087022422229 +9.673104189889796E-64
3.71	0.005923632889352274 +6.287351307997037E-51	0.00545314307302673 +9.725461899297362E-64
3.72	0.00598988446528653 +6.28916731471567E-51	0.0055115968333795595 +9.777960920899975E-64
3.73	0.006056712640673282 +6.290986895885243E-51	0.005570600752147477 +9.830601263082525E-64
3.74	0.006124120880103155 +6.292810042939988E-51	0.005629929476638914 +9.883382919137098E-64
3.75	0.006192113989174667 +6.294636747313522E-51	0.005689896283250693 +9.936305894094631E-64
3.76	0.006260694347836895 +6.296467000438925E-51	0.005750208513359027 +9.989370184601168E-64
3.77	0.006329866866024555 +6.298300793748864E-51	0.005810992057739778 +1.0042575788979728E-63
3.78	0.006399634899927243 +6.300138118675693E-51	0.005872346984207721 +1.0095922712261246E-63
3.79	0.006470002676093815 +6.301978966651543E-51	0.005934191714783257 +1.0149410954445723E-63
3.8	0.00654097373599631 +6.303823329108449E-51	0.005996443787097405 +1.020304050714827E-63
3.81	0.006612552144186154 +6.305671197478419E-51	0.006059248715978729 +1.0256811375399821E-63
3.82	0.006684742229780791 +6.307522563193579E-51	0.006122569876240331 +1.0310723564231306E-63
3.83	0.006757547257051675 +6.309377417686239E-51	0.006186283452629771 +1.0364777071965748E-63
3.84	0.006830971916247884 +6.311235752388993E-51	0.006250510104673142 +1.0418971890218262E-63
3.85	0.00690501934714089 +6.313097558734856E-51	0.006315213418849026 +1.0473308025696755E-63
3.86	0.006979694499781037 +6.31496282815733E-51	0.006380599219868509 +1.0527785475047275E-63
3.87	0.007055001035122893 +6.31683155209051E-51	0.00644628529214928 +1.0582404243300753E-63
3.88	0.007130943072272569 +6.318703721969193E-51	0.006512582383688154 +1.063716433548812E-63
3.89	0.00720752437908957 +6.320579329228968E-51	0.006579285954908152 +1.069206573651658E-63
3.9	0.0072847496236499954 +6.322458365306315E-51	0.006646616395490168 +1.0747108456448E-63
3.91	0.007362622837870439 +6.32434082163872E-51	0.006714392247028761 +1.0802292488574466E-63
3.92	0.0074411480560513015 +6.326226689664744E-51	0.006782748227329173 +1.0857617842957845E-63
3.93	0.007520329316939598 +6.32811596082414E-51	0.006851525707206028 +1.0913084512890226E-63
3.94	0.007600171051603714 +6.330008626557942E-51	0.006920940273550547 +1.0968692493340679E-63
3.95	0.007680677300068621 +6.331904678308576E-51	0.006990773949904512 +1.1024441796048044E-63
3.96	0.007761852715997817 +6.333804107519921E-51	0.007061158213318208 +1.1080332412627436E-63
3.97	0.007843701251567598 +6.335706905637454E-51	0.007132161854237566 +1.1136364344755829E-63
3.98	0.007926227201544516 +6.33761306410829E-51	0.007203630504361926 +1.1192537592433226E-63
3.99	0.008009434952950971 +6.339522574381329E-51	0.007275573395252779 +1.1248852157336602E-63
4.	0.008093329255272112 +6.341435427907317E-51	0.007348258109110537 +1.1305308037788983E-63
4.01	0.008177913636855234 +6.343351616138943E-51	0.007421273839545342 +1.1361905238821298E-63
4.02	0.008263193528064709 +6.345271130530949E-51	0.007494966841347629 +1.141864375204866E-63
4.03	0.008349172416487775 +6.347193962540203E-51	0.00756916671527358 +1.1475523584178982E-63
4.04	0.008435855627141569 +6.349120103625802E-51	0.00764384324443136 +1.1532544730181329E-63
4.05	0.008523247056827292 +6.351049545249169E-51	0.0077191595316339345 +1.1589707200117565E-63
4.06	0.008611351270282603 +6.35298227887413E-51	0.007795044840049472 +1.1647010977217916E-63
4.07	0.008700173265302735 +6.354918295967011E-51	0.007871394253880903 +1.1704456069867271E-63
4.08	0.008789716484792575 +6.356857587996744E-51	0.007948384233388226 +1.176204248477354E-63
4.09	0.008879986663409879 +6.358800146434934E-51	0.00802598642744838 +1.1819770216905788E-63
4.1	0.008970988063858579 +6.360745962755952E-51	0.00810394416408413 +1.187763925620215E-63
4.11	0.0090627253338723 +6.362695028437048E-51	0.008182696654509703 +1.1935649617755428E-63
4.12	0.009155202811738893 +6.36464733495841E-51	0.008261970225051023 +1.1993801298211662E-63
4.13	0.0092484259171084 +6.366602873803268E-51	0.00834175542515766 +1.2052094292539924E-63
4.14	0.009342398637977856 +6.368561636457985E-51	0.008422114401206675 +1.211052860577114E-63
4.15	0.00943712606363799 +6.370523614412128E-51	0.00850310983384597 +1.2169104234551362E-63
4.16	0.009532613072206956 +6.372488799158579E-51	0.00858467613067167 +1.222782117384965E-63
4.17	0.009628863921264628 +6.374457182193603E-51	0.008666892052182677 +1.228667943875881E-63
4.18	0.009725884240829595 +6.376428755016934E-51	0.00874956784594866 +1.2345679012509062E-63
4.19	0.009823677886632931 +6.378403509131872E-51	0.008832906947479175 +1.240481990516227E-63
4.2	0.00992225071464174 +6.380381436045371E-51	0.00891686492007569 +1.2464102113364485E-63
4.21	0.010021607627213392 +6.3823625272681E-51	0.009001359689732537 +1.2523525638792678E-63
4.22	0.010121752863793814 +6.384346774314562E-51	0.00908655555727208 +1.258309048144685E-63
4.23	0.010222691894077597 +6.386334168703141E-51	0.009172285475231445 +1.2642796644680962E-63
4.24	0.01032442930265766 +6.388324701956219E-51	0.009258573130290638 +1.2702644116756162E-63
4.25	0.010426970522432646 +6.39031836560024E-51	0.009345532164634377 +1.2762632904380367E-63
4.26	0.010530320424197909 +6.392315151165793E-51	0.009433080080469046 +1.282276301090753E-63
4.27	0.010634484302047765 +6.394315050187703E-51	0.0095212782526146 +1.2883034431306716E-63
4.28	0.010739467067190738 +6.396318054205102E-51	0.009610046407766266 +1.2943447177316773E-63
4.29	0.010845273935375257 +6.398324154761529E-51	0.009699561667720779 +1.30040012338449E-63
4.3	0.010951909978764914 +6.400333343404984E-51	0.009789526585578958 +1.3064696602568073E-63
4.31	0.01105938095221339 +6.402345611688032E-51	0.009880301827163413 +1.3125533293548159E-63
4.32	0.011167691369471312 +6.404360951167871E-51	0.009971542402780049 +1.3186511296723295E-63
4.33	0.01127684692765454 +6.406379353406419E-51	0.010063537999145684 +1.3247630613770454E-63
4.34	0.011386852963590058 +6.408400809970386E-51	0.0101560811594627 +1.3308891256428482E-63
4.35	0.01149771493209698 +6.410425312431347E-51	0.010249359467005973 +1.337029320960458E-63
4.36	0.011609437466765607 +6.412452852365839E-51	0.0103432291962721 +1.3431836481683637E-63
4.37	0.011722026667133113 +6.414483421355433E-51	0.010437749842660438 +1.3493521069311697E-63
4.38	0.01183548805209088 +6.41651701098679E-51	0.010532942827256137 +1.3555346974165737E-63
4.39	0.011949826876496594 +6.418553612851764E-51	0.010628767063205315 +1.3617314191214824E-63
4.4	0.012065048079063594 +6.42059321854748E-51	0.01072529066217361 +1.3679422727166867E-63
4.41	0.012181158466079728 +6.422635819676383E-51	0.010822380786969966 +1.3741672582021872E-63
4.42	0.012298162331285436 +6.424681407846341E-51	0.010920214802726412 +1.3804063752425877E-63
4.43	0.012416065947766309 +6.426729974670695E-51	0.011018659093644556 +1.3866596233347955E-63
4.44	0.012534875233209722 +6.428781511768364E-51	0.01111786232524439 +1.3929270034849967E-63
4.45	0.0126545955901398 +6.430836010763891E-51	0.011217705075586384 +1.3992085150224004E-63
4.46	0.012775232353179984 +6.432893463287543E-51	0.01131817637686399 +1.4055041594562864E-63
4.47	0.012896791497359738 +6.434953860975355E-51	0.011419347058437892 +1.4118139334326998E-63
4.48	0.013019279199379556 +6.437017195469219E-51	0.011521238228757658 +1.418137840473293E-63
4.49	0.013142700684115842 +6.439083458416972E-51	0.011623718351203734 +1.4244758787333913E-63
4.5	0.013267062451111951 +6.44115264147244E-51	0.01172699282809462 +1.4308280488837853E-63
4.51	0.013392369968723596 +6.443224736295512E-51	0.011830989908502804 +1.4371943507567773E-63
4.52	0.013518629346477188 +6.445299734552238E-51	0.011935566766344493 +1.4435747841846695E-63
4.53	0.013645846407997736 +6.447377627914884E-51	0.012040939187191747 +1.4499693481612756E-63
4.54	0.013774027248397639 +6.449458408061972E-51	0.012146920401779488 +1.4563780453697594E-63
4.55	0.013903178117485268 +6.451542066678415E-51	0.012253708994206153 +1.4628008734623526E-63
4.56	0.0140333046728517 +6.453628595455523E-51	0.012361147817057976 +1.469237832439055E-63
4.57	0.0141644133532173 +6.455717986091119E-51	0.012469332412574098 +1.475688924647635E-63
4.58	0.014296510554414082 +6.457810230289569E-51	0.012578152974543972 +1.4821541472372314E-63
4.59	0.014429601867581288 +6.459905319761881E-51	0.012687773789319762 +1.488633501884821E-63
4.6	0.014563693773379729 +6.462003246225751E-51	0.012798142797238022 +1.495126988087311E-63
4.61	0.014698793153556234 +6.464104001405641E-51	0.01290919672368318 +1.5016346065154925E-63
4.62	0.014834905510868851 +6.466207577032856E-51	0.013020939502841678 +1.5081563553246898E-63
4.63	0.014972037722258807 +6.46831396484559E-51	0.013133450824554546 +1.5146922371980673E-63
4.64	0.015110195707306547 +6.470423156588995E-51	0.01324670446242585 +1.5212422497878562E-63
4.65	0.015249386736152741 +6.472535144015259E-51	0.01336069684732403 +1.527806394267941E-63
4.66	0.015389616623922069 +6.474649918883658E-51	0.013475418220942925 +1.534384670638322E-63
4.67	0.015530892112534472 +6.476767472960632E-51	0.013590902199027385 +1.540977078228207E-63
4.68	0.015673219910512022 +6.478887798019845E-51	0.013707127682409044 +1.5475836177083881E-63
4.69	0.01581660619821783 +6.481010885842246E-51	0.0138241124616531 +1.554204288408074E-63
4.7	0.015961058280417682 +6.483136728216126E-51	0.013941907174088816 +1.5608390909980558E-63
4.71	0.016106582495980827 +6.485265316937198E-51	0.014060405278396753 +1.5674880253106355E-63
4.72	0.01625318584407907 +6.487396643808637E-51	0.014179656171009008 +1.5741510920166045E-63
4.73	0.016400874881041656 +6.489530700641186E-51	0.014299731781209706 +1.5808282889358916E-63
4.74	0.01654965642645654 +6.491667479253145E-51	0.014420570471242285 +1.5875196184162655E-63
4.75	0.016699537751850672 +6.493806971470502E-51	0.014542166713840532 +1.5942250792838418E-63
4.76	0.016850525268499186 +6.495949169126962E-51	0.014664537392187491 +1.600944671370923E-63
4.77	0.017002626633284786 +6.498094064064007E-51	0.014787704330129731 +1.6076783955159976E-63
4.78	0.017155848545361816 +6.500241648130953E-51	0.014911632439017636 +1.6144262512159728E-63
4.79	0.01731019758071932 +6.50239191318502E-51	0.01503643137741077 +1.6211882381354524E-63
4.8	0.017465682069157447 +6.504544851091396E-51	0.015161861615890943 +1.6279643579514147E-63
4.81	0.01762230801332186 +6.506700453723286E-51	0.015288252184993842 +1.6347546081483925E-63
4.82	0.01778008325314916 +6.508858712961962E-51	0.015415389756384193 +1.6415589909064578E-63
4.83	0.017939015196476192 +2.6316397620718127E-16	0.015543331480098663 +1.6483775042132364E-63
4.84	0.01809911067538765 -2.6316397620718136E-16	0.015672108143914454 +1.655210149913404E-63
4.85	0.018260377666716385 -2.631639762071813E-16	0.015801714005420905 +1.6620569271684722E-63
4.86	0.01842282296990144 +2.6316397620718136E-16	0.0159320770601511 +1.6689178359784405E-63
4.87	0.018586454763403516 -2.631639762071813E-16	0.01606328176455102 +1.6757928761756116E-63
4.88	0.018751279967373163 +1.682682048595108E-63	0.016195280800788053 +1.6826820485984735E-63
4.89	0.01891730653247697 -2.6316397620718127E-16	0.01632815642511668 +1.6895853522408405E-63
4.9	0.019084542086557594 -2.6316397620718136E-16	0.016461865009983912 +1.696502787941201E-63
4.91	0.01925299418536237 -2.631639762071813E-16	0.016596386520471032 +1.7034343546933685E-63
4.92	0.019422670735187456 +1.3158198810359066E-16	0.016731777311034684 +1.7103800538389252E-63
4.93	0.019593579781965274 +1.7173398836974583E-63	0.01686801844053794 +1.7173398837008934E-63
4.94	0.01976572864669029 +1.7243138459528015E-63	0.017005064813092104 +1.7243138459562503E-63
4.95	0.019939126003135788 -2.631639762071813E-16	0.01714298758015839 +1.731301938928019E-63
4.96	0.020113778755771774 +2.631639762071813E-16	0.017281823187385865 +1.7383041642931767E-63
4.97	0.02028969577463652 +1.7453205208743488E-63	0.01742143543519833 +1.7453205208778392E-63
4.98	0.020466885298837043 +2.631639762071813E-16	0.017561915829656927 +1.7523510095204953E-63
4.99	0.020645354635417088 -2.631639762071813E-16	0.017703314905827296 +1.759395630221145E-63
5.	0.02082511290726173 +1.3158198810359066E-16	0.01784554575467849 +1.766454380967415E-63
5.01	0.021006167674235767 +1.7735272644389226E-63	0.01798868300137436 +1.7735272644424696E-63
5.02	0.021188527982417358 -2.6316397620718127E-16	0.018132722660319917 +1.7806142801432158E-63
5.03	0.021372201710378468 +2.6316397620718127E-16	0.018277634635478088 +1.7877154265603733E-63
5.04	0.021557197610295665 -2.631639762071813E-16	0.018423400680779457 +1.794830704700129E-63
5.05	0.021743524075220035 +2.6316397620718136E-16	0.018570074026136158 +1.8019601145624823E-63
5.06	0.02193118953153072 +1.8091036554730247E-63	0.018717647354817533 +1.8091036554766427E-63
5.07	0.02212020303590523 +1.3158198810359063E-16	0.0188661293814324 +1.8162613291195882E-63
5.08	0.022310572914638744 +1.823433133978391E-63	0.019015522529196426 +1.823433133982038E-63
5.09	0.022502307969810422 +1.3158198810359066E-16	0.01916577568640018 +1.8306190698962953E-63
5.1	0.02269541742735857 +1.8378191378648696E-63	0.019317024095850774 +1.8378191378685454E-63
5.11	0.02288991013501403 +1.8450333380627974E-63	0.019469156562663598 +1.8450333380664874E-63
5.12	0.0230857945878042 +1.3158198810359066E-16	0.0196222005606894 +1.8522616696516317E-63
5.13	0.02328308042027847 +1.3158198810359068E-16	0.01977621028662371 +1.8595041327916764E-63
5.14	0.023481776398661322 +1.866760726644399E-63	0.01993109844522362 +1.8667607266481328E-63
5.15	0.02368189189374372 +1.8740314523911362E-63	0.020086951764236163 +1.8740314523948843E-63
5.16	0.023883436099728164 +1.8813163112020536E-63	0.020243730060742083 +1.8813163112058166E-63
5.17	0.02408641838648059 -2.6316397620718136E-16	0.020401472980670726 +1.888615300062369E-63
5.18	0.024290847888584294 +2.6316397620718127E-16	0.020560184966974364 +1.895928421144613E-63
5.19	0.024496734648786125 +1.3158198810359066E-16	0.02071984149213915 +1.9032556741171525E-63
5.2	0.02470408771701778 +1.9105970589761669E-63	0.020880423601000012 +1.910597058979988E-63
5.21	0.024912916927798637 +1.917952574555399E-63	0.0210420151295332 +1.917952574559235E-63
5.22	0.025123232200003995 +1.3158198810359066E-16	0.021204568665383654 +1.9253222223641732E-63
5.23	0.025335042787942283 -1.3158198810359068E-16	0.021368054540186157 +1.9327060018917096E-63
5.24	0.025548358896522683 +2.631639762071813E-16	0.02153253435957949 +1.9401039126387505E-63
5.25	0.025763190453966668 -2.6316397620718136E-16	0.02169798243233837 +1.9475159552760874E-63
5.26	0.025979547467127457 +1.954942129129019E-63	0.02186443611116573 +1.954942129132929E-63
5.27	0.026197439803672198 +1.3158198810359066E-16	0.022031889542307337 +1.9623824353831598E-63
5.28	0.026416877967101935 +1.3158198810359066E-16	0.022200360926945256 +1.9698368731882908E-63
5.29	0.02663787217845945 +1.9773054422089718E-63	0.022369792520146505 +1.9773054422129263E-63
5.3	0.026860432395403044 -2.631639762071813E-16	0.02254027214144024 +1.984788142457067E-63
5.31	0.027084569594765656 +1.9922849754260072E-63	0.022711683567186967 +1.992284975429992E-63
5.32	0.027310293755330423 +2.6316397620718127E-16	0.02288418563634138 +1.9997959389516312E-63
5.33	0.027537615738789434 +2.0073210348626442E-63	0.023057672130119913 +2.007321034866659E-63
5.34	0.027766546300628303 +2.631639762071813E-16	0.02323217019390987 +2.014860262504285E-63
5.35	0.027997095982364457 -2.631639762071813E-16	0.023407725041585316 +2.0224136211937177E-63
5.36	0.02822927584854681 +2.631639762071813E-16	0.02358432434388028 +2.0299811119411444E-63
5.37	0.028463096700381878 +2.037562733568605E-63	0.023761951574730093 +2.0375627335726803E-63
5.38	0.02869856964435921 +2.045158487425817E-63	0.023940593757363297 +2.0451584874299076E-63
5.39	0.028935705685579707 +2.05276837350872E-63	0.024120336768822984 +2.0527683735128257E-63
5.4	0.029174516237261194 +2.0603923901403372E-63	0.024301066720292554 +2.060392390144458E-63
5.41	0.029415012499663322 +2.068030539165343E-63	0.024482940664545358 +2.0680305391694793E-63
5.42	0.029657205813526915 +2.6316397620718136E-16	0.02466580195832422 +2.0756828194140054E-63
5.43	0.029901107872476806 +2.0833492312092648E-63	0.02484975034401935 +2.0833492312134315E-63
5.44	0.03014673013361368 -1.3158198810359068E-16	0.02503478937237044 +2.091029774735456E-63
5.45	0.030394084285029876 +2.6316397620718127E-16	0.0252209350969009 +2.0987244506508694E-63
5.46	0.030643182114997707 -1.3158198810359066E-16	0.025408054926272138 +2.106433257282694E-63
5.47	0.03089403567175221 +1.3158198810359066E-16	0.025596423498640906 +2.1141561959725126E-63
5.48	0.031146656828402765 +2.1218932663806853E-63	0.025785769086230335 +2.1218932663849292E-63
5.49	0.0314010576795433 -1.3158198810359068E-16	0.02597625590740075 +2.1296444681845485E-63
5.5	0.03165725050034315 +2.137409801367095E-63	0.02616788066472503 +2.1374098013713698E-63
5.51	0.031915247518884554 -1.3158198810359066E-16	0.026360550084230664 +2.1451892661130916E-63
5.52	0.03217506136350945 +2.15298286374699E-63	0.026554371206759946 +2.152982863751296E-63
5.53	0.032436704233991566 -1.3158198810359066E-16	0.02674931673377269 +2.1607905919382138E-63
5.54	0.03270018909619201 +2.1686124518433923E-63	0.026945406788518075 +2.16861245184773E-63
5.55	0.03296552852606937 +2.1764484428047E-63	0.027142597057851405 +2.1764484428090528E-63
5.56	0.03323273541569528 -1.3158198810359066E-16	0.02734091381100138 +2.184298566331463E-63
5.57	0.03350182274608031 +2.1921628209012954E-63	0.02754040123257538 +2.1921628209056796E-63
5.58	0.033772803605446725 -2.6316397620718136E-16	0.027741056307459523 +2.20004120753789E-63
5.59	0.03404569118414677 +2.2079337253851891E-63	0.027942809059662253 +2.207933725389605E-63
5.6	0.03432049892806232 -1.3158198810359068E-16	0.02814575285328948 +2.2158403752993137E-63
5.61	0.034597240129617124 +1.3158198810359063E-16	0.028349872513549153 +2.2237611569316206E-63
5.62	0.03487592843829925 +2.231696070282062E-63	0.028555157091994705 +2.2316960702865256E-63
5.63	0.03515657758196234 +2.631639762071813E-16	0.028761613448802695 +2.2396451148609352E-63
5.64	0.03543920134166491 -1.3158198810359068E-16	0.028969238441509917 +2.247608291828734E-63
5.65	0.03572381367642344 +1.3158198810359066E-16	0.02917807592181684 +2.255585599345246E-63
5.66	0.03601042862474692 +2.2635770387475268E-63	0.029388113028922715 +2.2635770387520543E-63
5.67	0.03629906043459428 +2.2715826102123126E-63	0.029599320438123234 +2.271582610216856E-63
5.68	0.03658972339605493 +2.2796023132319988E-63	0.02981174965577168 +2.2796023132365584E-63
5.69	0.03688243201873822 +2.6316397620718136E-16	0.030025417311421953 +2.2876361479788584E-63
5.7	0.037177200864744346 +2.2956841134329782E-63	0.030240256219446263 +2.29568411343757E-63
5.71	0.03747404472289451 -2.6316397620718127E-16	0.030456383017481506 +2.3037462114573682E-63
5.72	0.03777297842658439 +2.31182244052435E-63	0.03067366745038287 +2.3118224405289737E-63
5.73	0.03807401704347653 +2.319912801989328E-63	0.03089219940277659 +2.3199128019939684E-63
5.74	0.03837717570140311 +2.328017294841509E-63	0.03111200215352633 +2.3280172948461653E-63
5.75	0.03868246967070672 +1.3158198810359066E-16	0.031333036892913536 +2.336135918917867E-63
5.76	0.038989914518393294 +1.3158198810359066E-16	0.031555376285453594 +2.3442686752152603E-63
5.77	0.03929952569693087 +2.3524155630628488E-63	0.031778906327988646 +2.3524155630675534E-63
5.78	0.039611319068655615 +2.360576581799235E-63	0.03200378006898121 +2.3605765818039562E-63
5.79	0.039925310464657617 +2.3687517320905218E-63	0.032229842535025345 +2.368751732095259E-63
5.8	0.04024151600034856 +2.376941014942895E-63	0.03245721765868521 +2.376941014947649E-63
5.81	0.04055995184970626 -1.3158198810359063E-16	0.03268591109183179 +2.385144429354939E-63
5.82	0.0408806343934357 +2.631639762071813E-16	0.032915868191841904 +2.3933619756525247E-63
5.83	0.041203580156200834 +2.4015936521586256E-63	0.033147096565850416 +2.401593652163429E-63
5.84	0.0415288058588319 +2.4098394617336933E-63	0.03337966473898417 +2.409839461738513E-63
5.85	0.04185632834059219 -2.631639762071813E-16	0.03361354390727384 +2.4180994027008E-63
5.86	0.04218616463850775 +2.4263734745423427E-63	0.03384874217843023 +2.4263734745471957E-63
5.87	0.04251833194565971 +2.631639762071813E-16	0.034085274591773164 +2.434661678619283E-63
5.88	0.042852847642040004 +2.631639762071813E-16	0.034323088798035875 +2.442964014581666E-63
5.89	0.04318972926571694 +2.451280481926349E-63	0.03456232016251856 +2.4512804819312516E-63
5.9	0.04352899454489148 +2.459611080327725E-63	0.03480283129037168 +2.4596110803326444E-63
5.91	0.04387066138216287 +2.467955810284001E-63	0.035044730850460885 +2.4679558102889373E-63
5.92	0.044214747865008536 +2.6316397620718136E-16	0.03528798449392996 +2.4763146733094104E-63
5.93	0.0445612722659532 +2.484687666370534E-63	0.035532615759510965 +2.4846876663755037E-63
5.94	0.04491025304272713 +2.4930747916623025E-63	0.035778566190912825 +2.493074791667289E-63
5.95	0.04526170885028776 +2.6316397620718136E-16	0.036025925833282194 +2.501476049184765E-63
5.96	0.04561565852729436 +1.3158198810359063E-16	0.03627470267366311 +2.5098914382571414E-63
5.97	0.045972121113450955 +2.518320958879381E-63	0.036524888008527746 +2.518320958884418E-63
5.98	0.04633111586483053 +2.526764610055355E-63	0.036776421497315234 +2.526764610060408E-63
5.99	0.04669266219528377 +2.535222393792415E-63	0.03702939580815046 +2.5352223937974854E-63
6.	0.04705677977870455 -1.3158198810359063E-16	0.037283767196999856 +2.543694308921765E-63
6.01	0.04742348846267533 +1.3158198810359066E-16	0.03753957700704382 +2.5521803564394343E-63
6.02	0.04779280831315012 +2.5606805338299043E-63	0.03779680891491237 +2.5606805338350255E-63
6.03	0.048164759622095564 +2.5691948447927525E-63	0.03805547817141826 +2.569194844797891E-63
6.04	0.048539362839398345 +2.6316397620718136E-16	0.038315602604415196 +2.577723285806376E-63
6.05	0.04891663876525769 +2.5862658590353804E-63	0.03857717921519999 +2.586265859040553E-63
6.06	0.04929660829018945 +2.594822564495231E-63	0.03884020206304215 +2.5948225645004207E-63
6.07	0.049679292640313906 +2.631639762071813E-16	0.03910471750367316 +2.603393400844398E-63
6.08	0.050064713132192455 +2.611978369408843E-63	0.03937069618031264 +2.6119783694140666E-63
6.09	0.05045289152093777 +2.631639762071813E-16	0.03963815903550167 +2.620577468867845E-63
6.1	0.050843849560354266 -1.3158198810359063E-16	0.039907133982680615 +2.629190701218105E-63
6.11	0.051237609501706416 +2.6378180637764073E-63	0.040177593448685656 +2.6378180637816834E-63
6.12	0.051634193593080455 +2.646459559236451E-63	0.04044957271023311 +2.6464595592417445E-63
6.13	0.05203362456548279 +2.655115185580604E-63	0.040723069964381714 +2.6551151855859145E-63
6.14	0.05243592525019298 +2.631639762071813E-16	0.040998078666791754 +2.66378494382038E-63
6.15	0.05284111871116608 +1.3158198810359066E-16	0.04127463993641416 +2.672468833609746E-63
6.16	0.05324922847769546 -2.631639762071813E-16	0.04155268948458415 +2.6811668542832214E-63
6.17	0.05366027806693265 +2.631639762071813E-16	0.041832332520127594 +2.689879007182388E-63
6.18	0.05407429151356412 -2.6316397620718127E-16	0.04211352052130558 +2.698605292642642E-63
6.19	0.05449129303002038 +2.6316397620718136E-16	0.042396278559348195 +2.707345708651609E-63
6.2	0.05491130699798118 -2.631639762071813E-16	0.04268062439922578 +2.7161002568862675E-63
6.21	0.05533435830078478 +2.724868936334981E-63	0.04296654976625283 +2.724868936340431E-63
6.22	0.05576047199255548 +2.733651747344027E-63	0.04325407098747804 +2.7336517473494944E-63
6.23	0.0561896733486559 +2.6316397620718136E-16	0.04354316811986969 +2.7424486905842495E-63
6.24	0.05662198805989675 +2.7512597650330067E-63	0.04383387280747239 +2.751259765038509E-63
6.25	0.05705744213547963 +2.631639762071813E-16	0.04412622316661322 +2.7600849703768786E-63
6.26	0.05749606173703136 +2.7689243086061916E-63	0.044420207286552146 +2.7689243086117296E-63
6.27	0.05793787362821057 +2.7777777777251343E-63	0.0447158019798343 +2.77777777773069E-63
6.28	0.058382904479394655 +2.6316397620718136E-16	0.04501304936163024 +2.7866453787399466E-63
6.29	0.0588311816884765 -2.631639762071813E-16	0.04531195665118922 +2.7955271116394987E-63
6.3	0.05928273276371319 +2.804422975417551E-63	0.04561251947629343 +2.80442297542316E-63
6.31	0.059737585556984614 +2.631639762071813E-16	0.045914799143415196 +2.813332970761722E-63
6.32	0.06019576835660312 -2.631639762071813E-16	0.04621869366842184 +2.8222570993321616E-63
6.33	0.060657309682318625 +1.3158198810359066E-16	0.04652431710095775 +2.83119535878671E-63
6.34	0.0611222385246044 +2.631639762071813E-16	0.046831634117606324 +2.840147748789973E-63
6.35	0.06159058418601726 -2.6316397620718127E-16	0.04714065460062118 +2.849114271689718E-63
6.36	0.06206237622102539 +2.85809492513246E-63	0.04745141929485521 +2.858094925138176E-63
6.37	0.06253764489261159 +2.8670897114773833E-63	0.04776390527042616 +2.867089711483117E-63
6.38	0.06301642034590388 -1.3158198810359063E-16	0.04807813452830575 +2.876098627705981E-63
6.39	0.06349873356905267 +1.3158198810359063E-16	0.04839410602546763 +2.8851216771607225E-63
6.4	0.0639846156765269 +2.8941588588353674E-63	0.04871183950840279 +2.8941588588411563E-63
6.41	0.06447409826559193 +2.631639762071813E-16	0.049031337722135 +2.903210170064116E-63
6.42	0.0649672132979608 -2.631639762071813E-16	0.04935265452003758 +2.9122756138481626E-63
6.43	0.06546399332933724 -1.3158198810359063E-16	0.04967571242756286 +2.921355190528692E-63
6.44	0.06596447109212225 +2.9304488974166784E-63	0.050000602831461245 +2.9304488974225396E-63
6.45	0.06646867983447485 -2.631639762071813E-16	0.0503273141246505 +2.939556735871288E-63
6.46	0.06697665335794784 -1.3158198810359066E-16	0.05065582107996069 +2.9486787062103313E-63
6.47	0.0674884256647765 +2.957814808433754E-63	0.05098617837976565 +2.9578148084396704E-63
6.48	0.06800403154082994 +2.9669650425533714E-63	0.05131837452818242 +2.9669650425593055E-63
6.49	0.06852350597305933 +2.976129407221702E-63	0.051652428234847586 +2.976129407227655E-63
6.5	0.0690468844171455 +1.3158198810359066E-16	0.0519883582611041 +2.9853079044570903E-63
6.51	0.06957420305616308 +2.9945005329000414E-63	0.05232618126339215 +2.9945005329060306E-63
6.52	0.07010549824529469 +3.0037072935746553E-63	0.05266584772509948 +3.003707293580663E-63
6.53	0.07064080714330291 +3.0129281851333776E-63	0.053007457729404656 +3.0129281851394035E-63
6.54	0.07118016721151704 +3.0221632082470006E-63	0.053350954320962804 +3.0221632082530454E-63
6.55	0.07172361647259902 +3.0314123635863144E-63	0.05369639795665135 +3.0314123635923775E-63
6.56	0.07227119348196363 +2.6316397620718136E-16	0.05404376544942242 +3.040675650486611E-63
6.57	0.07282293740916747 +2.631639762071813E-16	0.054393068817516 +3.049953068935744E-63
6.58	0.07337888787348888 +3.0592446192690543E-63	0.054744361429105756 +3.059244619275173E-63
6.59	0.07393908505581223 -1.3158198810359066E-16	0.05509760728937982 +3.068550300498711E-63
6.6	0.0745035698295286 -2.6316397620718127E-16	0.05545283230215608 +3.077870114283337E-63
6.61	0.07507238355773567 +3.0872040589458964E-63	0.05581004886574994 +3.0872040589520707E-63
6.62	0.07564556823960204 +1.3158198810359068E-16	0.056169295799324837 +3.096552135511101E-63
6.63	0.07622316616063612 +1.3158198810359068E-16	0.05653055481637662 +3.1059143439604273E-63
6.64	0.07680522102741112 +2.631639762071813E-16	0.056893854891764885 +3.115290683293862E-63
6.65	0.07739177621400553 -2.631639762071813E-16	0.05725919833746139 +3.1246811551883846E-63
6.66	0.07798287649463152 -1.3158198810359066E-16	0.05762660318207941 +3.1340857583024115E-63
6.67	0.07857856689632135 -2.631639762071813E-16	0.057996043225814295 +3.1435044929713385E-63
6.68	0.07917889311825915 +3.152937359524255E-63	0.05836762559881802 +3.1529373595305615E-63
6.69	0.07978390180988434 +1.3158198810359063E-16	0.05874128311689349 +3.1623843573092894E-63
6.7	0.08039364015638252 -1.3158198810359068E-16	0.05911706890998534 +3.1718454873137086E-63
6.71	0.08100815590754315 -2.631639762071813E-16	0.05949498450794253 +3.1813207488730275E-63
6.72	0.0816274978140437 +2.631639762071813E-16	0.05987501632272513 +3.190810141651852E-63
6.73	0.08225171548566688 +3.2003136663145705E-63	0.06025721063135223 +3.2003136663209715E-63
6.74	0.08288085866831221 +1.3158198810359063E-16	0.060641563958197205 +3.209831322209596E-63
6.75	0.0835149784844725 +1.3158198810359066E-16	0.06102814821347781 +3.219363109988517E-63
6.76	0.08415412674647044 +3.228909028980484E-63	0.06141689912853419 +3.228909028986942E-63
6.77	0.08479835583444571 -2.6316397620718136E-16	0.06180787108949256 +3.2384690805464544E-63
6.78	0.085447719393718 +1.3158198810359066E-16	0.06220103220081967 +3.2480432636608667E-63
6.79	0.08610227126289098 +1.3158198810359066E-16	0.06259647736955024 +3.257631577659388E-63
6.8	0.08676206688631939 +3.26723402287088E-63	0.06299417417057587 +3.2672340228774147E-63
6.81	0.08742716193465168 +3.276850601320765E-63	0.06339413327146178 +3.2768506013273187E-63
6.82	0.08809761354855825 -1.3158198810359066E-16	0.06379638832085625 +3.286481310661332E-63
6.83	0.08877347947421321 +3.2961261522144445E-63	0.0642009614248503 +3.296126152221037E-63
6.84	0.08945481849756298 +3.3057851239874483E-63	0.06460782362359908 +3.30578512399406E-63
6.85	0.09014169025984006 +3.315458228321538E-63	0.0650170107422822 +3.31545822832817E-63
6.86	0.09083415573596086 +3.3251454638751336E-63	0.06542859510749097 +3.3251454638817845E-63
6.87	0.09153227657897291 +1.3158198810359068E-16	0.06584252983415438 +3.3348468319964854E-63
6.88	0.09223611555353312 +2.631639762071813E-16	0.06625885074062705 +3.3445623306599016E-63
6.89	0.0929457366445755 -2.6316397620718127E-16	0.06667756828593069 +3.354291961213612E-63
6.9	0.09366120471233878 -1.3158198810359066E-16	0.06709873110647957 +3.3640357239930147E-63
6.91	0.09438258591034376 -1.3158198810359066E-16	0.0675223054799159 +3.3737936176565256E-63
6.92	0.09510994761065843 +1.3158198810359066E-16	0.06794832114148579 +3.383565643545729E-63
6.93	0.09584335811150609 +3.3933518003122544E-63	0.06837679681994402 +3.3933518003190413E-63
6.94	0.0965828870177719 +2.6316397620718127E-16	0.06880781800383633 +3.40315208965344E-63
6.95	0.0973286053028717 +1.3158198810359068E-16	0.06924130909931168 +3.4129665098719484E-63
6.96	0.09808058490515226 +3.4227950616385113E-63	0.06967732727224647 +3.422795061645357E-63
6.97	0.09883889947594711 +3.4326377453021955E-63	0.07011590766076249 +3.432637745309061E-63
6.98	0.09960362364964853 +1.3158198810359066E-16	0.07055703867083003 +3.442494561869248E-63
6.99	0.10037483354689995 +3.4523655086358474E-63	0.07100074607459535 +3.4523655086427526E-63
7.	0.10115260668967717 +3.4622505872996286E-63	0.07144706119150283 +3.4622505873065537E-63
7.01	0.10193702210516921 +1.3158198810359068E-16	0.07189599678493869 +3.47214979786065E-63
7.02	0.10272816029572562 -1.3158198810359066E-16	0.07234758412713797 +3.482063139634251E-63
7.03	0.10352610304524347 -2.631639762071813E-16	0.07280182638136523 +3.491990612962753E-63
7.04	0.10433093391128319 -1.3158198810359066E-16	0.07325873692305308 +3.501932218852341E-63
7.05	0.10514273799585179 +3.5118879556190146E-63	0.07371837913603763 +3.5118879556260385E-63
7.06	0.10596160197988823 +1.3158198810359066E-16	0.07418071330455761 +3.5218578242900324E-63
7.07	0.10678761430749241 +3.5318418248372573E-63	0.07464579039578777 +3.531841824844321E-63
7.08	0.10762086527572154 +3.5418399552694497E-63	0.07511367305841504 +3.5418399552765335E-63
7.09	0.10846144649959082 -1.3158198810359063E-16	0.07558429479443017 +3.5518522196114144E-63
7.1	0.10930945174690902 +3.5618786138170935E-63	0.07605775462321845 +3.561878613824217E-63
7.11	0.11016497689462772 +3.571919141597151E-63	0.07653403199180478 +3.571919141604295E-63
7.12	0.11102811920433242 +3.58197379925513E-63	0.07701318071815579 +3.5819737992622944E-63
7.13	0.11189897828140276 +1.3158198810359063E-16	0.07749519912247367 +3.5920425898167765E-63
7.14	0.11277765583691315 -1.3158198810359063E-16	0.07798011036037575 +3.602125510919972E-63
7.15	0.1136642549601346 -2.631639762071813E-16	0.07846795179634981 +3.6122225639134635E-63
7.16	0.11455888205951975 -1.3158198810359066E-16	0.07895874481248147 +3.6223337491326467E-63
7.17	0.1154616449402131 +1.3158198810359068E-16	0.07945251464438516 +3.632459065571334E-63
7.18	0.11637265391658291 -1.3158198810359066E-16	0.0799492919278077 +3.6425985132295265E-63
7.19	0.11729202163192823 +3.6527520934415E-63	0.0804490547571014 +3.6527520934488054E-63
7.2	0.11821986307545543 +2.631639762071813E-16	0.08095191089369654 +3.662919804552194E-63
7.21	0.11915629602393714 +1.3158198810359068E-16	0.08145782695781344 +3.673101647881274E-63
7.22	0.12010144053584064 +3.683297623428678E-63	0.0819668356783466 +3.683297623436045E-63
7.23	0.12105541939514998 +3.693507728861351E-63	0.0824789864122857 +3.6935077288687387E-63
7.24	0.1220183580741611 +1.3158198810359066E-16	0.0829942896035176 +3.703731966527124E-63
7.25	0.12299038517175381 +1.3158198810359063E-16	0.08351278299719823 +3.7139703367465955E-63
7.26	0.12397163168899702 +3.7242228381781233E-63	0.08403446182337754 +3.7242228381855726E-63
7.27	0.12496223221745495 -1.3158198810359066E-16	0.0845594153038306 +3.734489470844054E-63
7.28	0.1259623237543242 -2.6316397620718127E-16	0.08508761187788876 +3.744770236063622E-63
7.29	0.1269720472479673 +3.7550651314889983E-63	0.0856191244457094 +3.7550651314965085E-63
7.3	0.12799154638339003 -1.3158198810359066E-16	0.08615394988023202 +3.7653741588196915E-63
7.31	0.12902096851185255 +1.3158198810359063E-16	0.08669216875271338 +3.7756973187039607E-63
7.32	0.13006046457680792 +2.6316397620718127E-16	0.08723372737419896 +3.7860346091369435E-63
7.33	0.13111018892707474 +3.9474596431077207E-16	0.08777872514493912 +3.796386031460222E-63
7.34	0.13217029981517628 -1.3158198810359066E-16	0.088327182331561 +3.806751586679983E-63
7.35	0.13324095940286093 +2.6316397620718127E-16	0.08887912059066835 +3.817131273119249E-63
7.36	0.13432233395481938 +1.3158198810359066E-16	0.0894345896540482 +3.8275250901072287E-63
7.37	0.1354145938302607 -2.6316397620718127E-16	0.0899936117748148 +3.837933038650108E-63
7.38	0.1365179138906218 +3.848355119410982E-63	0.09055622595904216 +3.8483551194186796E-63
7.39	0.13763247300709144 -1.3158198810359066E-16	0.09112245182838793 +3.8587913330837336E-63
7.4	0.1387584553465749 -1.3158198810359066E-16	0.09169232960936173 +3.869241676962105E-63
7.41	0.1398960494337328 +3.879706152387617E-63	0.0922659231454664 +3.8797061523953767E-63
7.42	0.1410454489181275 +3.890184759711164E-63	0.09284323085812454 +3.8901847597189446E-63
7.43	0.14220685274376282 +3.9006774985896116E-63	0.09342433409111779 +3.900677498597413E-63
7.44	0.14338046497657653 -1.3158198810359063E-16	0.09400922152561739 +3.9111843700369676E-63
7.45	0.14456649563577145 +3.921705372017393E-63	0.09459794330453196 +3.9217053720252366E-63
7.46	0.14576515995268616 +1.3158198810359066E-16	0.0951906051245504 +3.9322405062391964E-63
7.47	0.1469766799429082 +3.9427897709939845E-63	0.09578713772197171 +3.9427897710018704E-63
7.48	0.14820128314126724 +1.3158198810359066E-16	0.09638768120085302 +3.953353168661026E-63
7.49	0.14943920443859332 +1.3158198810359063E-16	0.0969922270969262 +3.963930697204292E-63
7.5	0.1506906842533436 +1.3158198810359066E-16	0.09760081567894237 +3.974522357302457E-63
7.51	0.15195597148936213 +1.3158198810359068E-16	0.0982135159487645 +3.985128149290919E-63
7.52	0.15323532141366683 +2.631639762071813E-16	0.09883036210375622 +3.9957480741758626E-63
7.53	0.15452899739363327 +1.3158198810359066E-16	0.09945137824122992 +4.006382129274124E-63
7.54	0.1558372703042776 +2.631639762071813E-16	0.10007665521833319 +4.017030315591891E-63
7.55	0.1571604197634062 +4.027692634462689E-63	0.10070622405999514 +4.027692634470745E-63
7.56	0.15849873415385796 +4.038369085902608E-63	0.10134010077808431 +4.038369085910685E-63
7.57	0.15985251044084886 +4.049059666549659E-63	0.10197838386728093 +4.0490596665577576E-63
7.58	0.16122205554009927 -2.631639762071813E-16	0.10262107026871184 +4.0597643804367076E-63
7.59	0.16260768569964484 +4.070483226197812E-63	0.10326827731284005 +4.0704832262059536E-63
7.6	0.1640097280917453 +2.631639762071813E-16	0.10392001975978689 +4.0812162025239127E-63
7.61	0.16542852023966476 +4.0919633103885887E-63	0.10457635789758617 +4.0919633103967725E-63
7.62	0.16686441100828664 +4.102724551493305E-63	0.10523735855697193 +4.10272455150151E-63
7.63	0.16831776160986808 +4.1134999224759434E-63	0.10590304644119213 +4.113499922484171E-63
7.64	0.16978894491972774 +4.124289425013482E-63	0.1065735072291352 +4.1242894250217313E-63
7.65	0.17127834768022804 +1.3158198810359063E-16	0.10724880517901288 +4.135093061461961E-63
7.66	0.17278636956839064 +1.3158198810359068E-16	0.1079289913642174 +4.145910827444717E-63
7.67	0.17431342512387293 +1.3158198810359066E-16	0.10861413353371285 +4.156742725653165E-63
7.68	0.17585994332698487 +4.1675887557435736E-63	0.10930429790628272 +4.167588755751909E-63
7.69	0.17742636984485374 +4.178448917397196E-63	0.10999954352947293 +4.178448917405553E-63
7.7	0.17901316659098673 +2.631639762071813E-16	0.11069993382839323 +4.189323210614098E-63
7.71	0.18062081318934636 -1.3158198810359068E-16	0.11140556363882607 +4.200211635712938E-63
7.72	0.1822498073036277 +1.3158198810359066E-16	0.11211648529050584 +4.211114192031283E-63
7.73	0.18390066730287485 +4.2220308795606884E-63	0.11283274440797994 +4.222030879569133E-63
7.74	0.18557393068796202 +4.232961699994999E-63	0.11355450541891864 +4.2329617000034654E-63
7.75	0.18727015795961907 -2.6316397620718136E-16	0.11428173813448299 +4.243906650986511E-63
7.76	0.18898993200732214 +4.254865734186738E-63	0.1150145833295713 +4.254865734195248E-63
7.77	0.19073386047554036 +4.2658389482795627E-63	0.11575311853548184 +4.2658389482880947E-63
7.78	0.19250257672142485 +1.3158198810359066E-16	0.11649740721504102 +4.276826294942028E-63
7.79	0.19429674198165311 +2.631639762071813E-16	0.11724759122402266 +4.28782777248007E-63
7.8	0.19611704556692267 -1.3158198810359063E-16	0.11800368662781302 +4.298843381908409E-63
7.81	0.19796420889675262 +4.3098731235538185E-63	0.11876583393946068 +4.3098731235624384E-63
7.82	0.19983898532854158 +4.320916996762726E-63	0.11953410967596266 +4.320916996771368E-63
7.83	0.20174216387174812 +4.331975000184952E-63	0.12030862204821846 +4.3319750001936163E-63
7.84	0.2036745707629594 -1.3158198810359063E-16	0.12108947264925841 +4.3430471361769516E-63
7.85	0.20563707226653735 +4.354133403371083E-63	0.12187676542267113 +4.354133403379791E-63
7.86	0.20763057700836546 +1.3158198810359063E-16	0.12267059931921316 +4.365233803479113E-63
7.87	0.20965603967661608 +2.631639762071813E-16	0.12347109564162295 +4.376348334127149E-63
7.88	0.2117144632936242 -1.3158198810359066E-16	0.12427835654887864 +4.387476997671667E-63
7.89	0.21380690396549168 +4.398619790749915E-63	0.12509254053329366 +4.398619790758713E-63
7.9	0.21593447379374453 -1.3158198810359068E-16	0.1259137137172213 +4.409776717077636E-63
7.91	0.21809834624967706 +4.42094777393643E-63	0.12674207232223367 +4.4209477739452725E-63
7.92	0.22029975921520162 -2.631639762071813E-16	0.1275776883004323 +4.432132964380183E-63
7.93	0.22254002228423175 +1.3158198810359063E-16	0.12842075806948064 +4.4433322843576206E-63
7.94	0.22482052113873244 +4.454545736887236E-63	0.1292713773876644 +4.454545736896145E-63
7.95	0.22714272428455123 +4.465773321986824E-63	0.13012971126689765 +4.465773321995756E-63
7.96	0.22950819062606478 +4.4770150376351273E-63	0.13099593485348182 +4.4770150376440814E-63
7.97	0.23191857614374073 -1.3158198810359068E-16	0.1318701736864826 +4.488270884176516E-63
7.98	0.23437564469443398 +4.4995408632610376E-63	0.1327526446134673 +4.4995408632700365E-63
7.99	0.23688127575321477 +4.5108249739094357E-63	0.13364350199341357 +4.510824973918458E-63
8.	0.2394374772608175 -2.631639762071813E-16	0.13454293002816678 +4.5221232154509886E-63
8.01	0.24204639706839529 +1.3158198810359063E-16	0.13545112326673017 +4.5334355895446056E-63
8.02	0.24471033701412062 +4.5447620951840337E-63	0.13636829037090903 +4.544762095193123E-63
8.03	0.24743176981558065 +1.3158198810359066E-16	0.13729462969730818 +4.5561027323965416E-63
8.04	0.2502133562764092 +1.3158198810359063E-16	0.1382303843438919 +4.567457500819464E-63
8.05	0.25305796668965874 +4.578826401794316E-63	0.1391757849846254 +4.5788264018034737E-63
8.06	0.2559687039995087 -1.3158198810359066E-16	0.14013106529881106 +4.5902094336715926E-63
8.07	0.25894893174575445 +1.3158198810359063E-16	0.1410965305794835 +4.6016065967592164E-63
8.08	0.2620023055632593 +2.631639762071813E-16	0.14207241810478402 +4.613017892407927E-63
8.09	0.26513280983412113 +4.6244433199376834E-63	0.14305900263448734 +4.624443319946933E-63
8.1	0.268344800668657 +4.635882877689985E-63	0.144056651373073 +4.635882877699257E-63
8.11	0.27164305649712667 +1.3158198810359066E-16	0.14506565207306227 +4.6473365676772726E-63
8.12	0.27503283813836393 +4.6588043905424534E-63	0.14608637865332846 +4.6588043905517707E-63
8.13	0.2785199585109139 +1.3158198810359066E-16	0.14711919885314662 +4.6702863446457737E-63
8.14	0.28211086936270036 +4.681782428608336E-63	0.1481645085715631 +4.6817824286176997E-63
8.15	0.2858127621764287 +4.693292645476721E-63	0.14922273617355164 +4.693292645486107E-63
8.16	0.28963369435599245 +4.7048169935646104E-63	0.15029439157515234 +4.70481699357402E-63
8.17	0.2935827420853014 -1.3158198810359066E-16	0.15137992134722136 +4.7163554742230196E-63
8.18	0.2976701898956405 +4.727908085411277E-63	0.15247988863605802 +4.727908085420733E-63
8.19	0.3019077697164519 -2.631639762071813E-16	0.15359490090313302 +4.7394748281733467E-63
8.2	0.30630896349162023 +4.75105570381294E-63	0.1547255774394679 +4.751055703822442E-63
8.21	0.3108893912793295 +4.7626507100107265E-63	0.15587264660886396 +4.7626507100202527E-63
8.22	0.3156673205289053 +4.7742598494403907E-63	0.15703690530783232 +4.77425984944994E-63
8.23	0.32066433925367377 +4.7858831177417914E-63	0.158219230682338 +4.7858831177513635E-63
8.24	0.32590627048619936 +2.631639762071813E-16	0.1594206054386803 +4.7975205202908513E-63
8.25	0.33142443502027497 +4.809172052698644E-63	0.16064212920081183 +4.809172052708262E-63
8.26	0.33725744956370407 +1.3158198810359063E-16	0.1618850967023192 +4.820837718022156E-63
8.27	0.34345385228032843 +4.832517514210493E-63	0.16315092941060486 +4.832517514220158E-63
8.28	0.3500760946810964 +1.3158198810359068E-16	0.16444139496704407 +4.8442114419730607E-63
8.29	0.3572068659135689 +4.855919501606547E-63	0.165758510230994 +4.8559195016162587E-63
8.3	0.36495968337943024 +1.3158198810359066E-16	0.1671047919135523 +4.867641693485149E-63
8.31	0.3734978954137574 +1.3158198810359066E-16	0.1684833388082391 +4.879378015567357E-63
8.32	0.3830720781163259 +1.3158198810359063E-16	0.16989823762575906 +4.891128469875256E-63
8.33	0.39410381521445403 +4.902893057405227E-63	0.1713550779246428 +4.902893057415034E-63
8.34	0.4074146501293207 -2.6316397620718136E-16	0.17286223447477753 +4.914671775168128E-63
8.35	0.42512419314463745 +4.926464623460085E-63	0.1744342828702088 +4.926464623469938E-63
8.36	0.46952363432456046 +1.1000039864676468E-8	0.17611271001983664 +1.7011697384779162E-9
8.37	0.46841861425276177 +0.04556050008801741	0.17792150729035683 +0.00014483839305078227
8.38	0.46730615416756316 +0.06447613945580835	0.17971516983925565 +0.00040856629360893254
8.39	0.4661863461491009 +0.07901968089933166	0.1814937671661133 +0.0007485767429968295
8.4	0.46505928212067793 +0.09130412062512422	0.1832574613533803 +0.0011494328172176964
8.41	0.46392503995184137 +0.10214715985040236	0.1850063687866581 +0.001602102751469642
8.42	0.4627837120498457 +0.11196777642427633	0.18674058208063785 +0.002100419712116476
8.43	0.46163537141902306 +0.12101462419583553	0.18846019453803964 +0.002639808588148405
8.44	0.4604800936205389 +0.12944955455750928	0.19016534575028124 +0.003216687590876689
8.45	0.4593179802895511 +0.13738487495553692	0.1918561394308715 +0.0038281455649296654
8.46	0.45814909614637894 +0.14490226963807867	0.19353266073391429 +0.004471752389629791
8.47	0.45697351721854923 +0.15206333687651644	0.19519505509772858 +0.005145435343241551
8.48	0.4557913397325145 +0.15891587932019513	0.19684337159359205 +0.00584739697612617
8.49	0.4546026306119608 +0.16549786880483044	0.1984777624743576 +0.006576057935356542
8.5	0.4534074588520336 +0.1718400571533927	0.20009833526865026 +0.007330013184832033
8.51	0.45220591255886344 +0.17796775846668228	0.2017051404769911 +0.00810800392635235
8.52	0.4509980622120724 +0.18390210316269384	0.20329835375736058 +0.008908891125260445
8.53	0.44978398065797787 +0.18966094333107306	0.2048779980005443 +0.009731637112587066
8.54	0.4485637429911402 +0.19525952101197658	0.20644423782554908 +0.01057529089618042
8.55	0.4473374175545084 +0.20071097110216424	0.2079971511068008 +0.011438978402403566
8.56	0.44610509316590924 +0.2060267062940141	0.20953681824880585 +0.01232188965400047
8.57	0.44486682603534156 +0.21121671618710566	0.21106335859564745 +0.013223273463538745
8.58	0.44362268851673353 +0.21628980285152014	0.21257686468353015 +0.014142426397504185
8.59	0.442372754979136 +0.2212537685952661	0.2140773972932053 +0.015078694575032739
8.6	0.44111710242289376 +0.22611556727272486	0.21556513704581828 +0.016031461688013324
8.61	0.43985577801598363 +0.23088142742467732	0.21704009295020799 +0.017000148912693257
8.62	0.4385888681213195 +0.23555695340118002	0.21850240905135193 +0.017984209397897924
8.63	0.4373164291144777 +0.24014720909192183	0.21995215670346355 +0.01898312772069149
8.64	0.43603854771242717 +0.24465678778310976	0.22138941508993504 +0.019996413755964733
8.65	0.43475526951622123 +0.24908987084854353	0.22281430452536216 +0.021023603799192006
8.66	0.4334666570130246 +0.25345027737953457	0.22422691088295807 +0.022064256153125485
8.67	0.43217278987616425 +0.2577415064051958	0.22562730668415876 +0.02311795068497379
8.68	0.4308737307886898 +0.2619667730103904	0.22701557654135707 +0.024184286316085324
8.69	0.4295695350700625 +0.26612903939463695	0.22839184597991402 +0.02526288073487759
8.7	0.42826027482781653 +0.27023104171090373	0.22975617245645122 +0.026353366735721785
8.71	0.42694599661186566 +0.27427531336369193	0.23110865086916507 +0.02745539376503544
8.72	0.42562677886661593 +0.2782642053202855	0.23244935891673152 +0.028568625898444274
8.73	0.42430267136353556 +0.2821999038895549	0.23377839754416424 +0.02969274085179166
8.74	0.42297374235279633 +0.2860844463432071	0.23509582236913218 +0.030827427867967872
8.75	0.42164005286552325 +0.2899197346905924	0.2364017577774971 +0.031972389225091886
8.76	0.42030165402178193 +0.2937075478665236	0.2376962581395941 +0.03312733743511763
8.77	0.41895860141085034 +0.2974495525495868	0.23897940533009887 +0.03429199680502827
8.78	0.417610963544294 +0.3011473127940755	0.2402513010063811 +0.03546610099127731
8.79	0.4162588023918514 +0.30480229863047376	0.24151201810504 +0.03664939166081555
8.8	0.414902162196246 +0.30841589376603573	0.2427616117536669 +0.037841622399159176
8.81	0.41354110059062577 +0.3119894024976925	0.2440001940825147 +0.03904255261660381
8.82	0.4121756857412264 +0.31552405593333077	0.24522784001993414 +0.04025194957146559
8.83	0.41080594614275956 +0.3190210176039607	0.24644462297072514 +0.041469589906070164
8.84	0.4094319673097993 +0.32248138853793323	0.24765060438859685 +0.04269525739092314
8.85	0.4080537891544143 +0.3259062118587344	0.24884590163249806 +0.043928740630421736
8.86	0.40667145907482305 +0.3292964769597644	0.25003054193353885 +0.04516983600371935
8.87	0.40528504678294963 +0.3326531233025687	0.2512046288635157 +0.046418345894564055
8.88	0.4038945861115153 +0.33597704387909444	0.2523682416495779 +0.04767407965586899
8.89	0.40250013947454205 +0.33926908837347103	0.2535214464993091 +0.04893685107535578
8.9	0.4011017633048916 +0.34253006605448777	0.2546643166195817 +0.050206479103463694
8.91	0.3996994957129395 +0.3457607484261753	0.2557969131688314 +0.05148278863240819
8.92	0.39829339468903463 +0.34896187166068454	0.25691932452178756 +0.05276561047914521
8.93	0.39688351639826186 +0.3521341388348375	0.25803162668871593 +0.054054778042286256
8.94	0.3954698944686742 +0.3552782219893027	0.25913389042950336 +0.05535013026587172
8.95	0.3940525886042881 +0.3583947640272229	0.2602261704414006 +0.05665151105412904
8.96	0.3926316455871659 +0.36148438046726433	0.2613085524771696 +0.057958768440914264
8.97	0.39120711641302824 +0.3645476610644513	0.2623810865260915 +0.05927175347210829
8.98	0.38977904691069387 +0.3675851713107141	0.2634438889399971 +0.06059032254473554
8.99	0.3883474745651576 +0.3705974538258355	0.26449696821205587 +0.061914334188366456
9.	0.3869124661166424 +0.37358502964838197	0.26554042028869296 +0.06324365181387195
9.01	0.3854740487289852 +0.3765483994352204	0.26657433159228605 +0.0645781424870122
9.02	0.3840322726813786 +0.3794880445773787	0.267598725728751 +0.0659176751146266
9.03	0.3825871877265355 +0.38240442823923143	0.2686137195849431 +0.06726212359713339
9.04	0.3811388369260045 +0.385297996327323	0.2696193397229448 +0.06861136340871993
9.05	0.37968726907992795 +0.38816917839452997	0.27061566235116924 +0.06996527530457126
9.06	0.37823251552600695 +0.39101838848472664	0.2716027603758989 +0.07132373954930762
9.07	0.37677463988484844 +0.39384602592266515	0.27258069744331637 +0.07268664235560231
9.08	0.37531365976128983 +0.3966524760532866	0.2735495055779286 +0.074053871762144
9.09	0.3738496399479694 +0.3994381109343888	0.274509295043782 +0.07542531696612108
9.1	0.3723826032504386 +0.40220328998612953	0.2754601118150519 +0.07680087216628187
9.11	0.3709126103898687 +0.4049483606006289	0.2764020029304626 +0.07818043218604137
9.12	0.3694396866123073 +0.4076736587145726	0.27733504470572046 +0.07956389548441689
9.13	0.3679638950587137 +0.41037950934753076	0.2782593023362066 +0.08095116195376174
9.14	0.36648525239663354 +0.41306622710843954	0.27917482432096974 +0.08234213323537524
9.15	0.36500381256294767 +0.41573411667250726	0.2800816589947118 +0.08373671558544811
9.16	0.36351960438689956 +0.4183834732306094	0.28097991599375743 +0.08513481419703155
9.17	0.3620326795603393 +0.4210145829130782	0.28186959642120124 +0.0865363393163801
9.18	0.3605430674388371 +0.42362772318963016	0.2827508007945513 +0.08794120129849081
9.19	0.3590508159678924 +0.4262231632470514	0.2836235528867594 +0.0893493126863632
9.2	0.3575559536550859 +0.4288011643461051	0.2844879483905762 +0.09076058845130588
9.21	0.3560585309003658 +0.43136198015905663	0.2853440061939308 +0.09217494495474159
9.22	0.35455856745799774 +0.43390585708904644	0.2861918129632454 +0.09359230056497356
9.23	0.3530561130028755 +0.43643303457251237	0.287031413943392 +0.09501257559318359
9.24	0.35155120734346157 +0.4389437453657134	0.2878628608854358 +0.09643569197330966
9.25	0.35004386760756884 +0.4414382158163705	0.28868622016326384 +0.09786157221640834
9.26	0.348534148629852 +0.44391666612135117	0.28950153930773853 +0.09929014226030981
9.27	0.34702209228762676 +0.4463793105712489	0.2903088647538782 +0.10072132813662463
9.28	0.34550771147774256 +0.4488263577826583	0.2911082660055602 +0.10215505843043715
9.29	0.3439910521100164 +0.45125801091890066	0.29189978485910445 +0.10359126228980195
9.3	0.34247215486993665 +0.4536744678998688	0.2926834822582153 +0.10502987084780002
9.31	0.3409510429205235 +0.4560759216016431	0.29345942148532367 +0.10647081650761889
9.32	0.33942774993250147 +0.45846256004648195	0.29422763291476856 +0.10791403269137786
9.33	0.33790232690735356 +0.4608345665837334	0.2949882014507488 +0.10935945568365343
9.34	0.3363747892852789 +0.46319212006219046	0.2957411340318769 +0.11080702078903346
9.35	0.3348451699057179 +0.46553539499437824	0.2964865040951359 +0.11225666632050088
9.36	0.3333135188554543 +0.4678645617132272	0.297224369295335 +0.11370833102861247
9.37	0.3317798554037279 +0.47017978652154296	0.29795478010945525 +0.1151619549134941
9.38	0.33024420184529807 +0.4724812318346873	0.2986777751466118 +0.11661747903575842
9.39	0.32870661028831577 +0.47476905631683064	0.29939339651536495 +0.11807484676750445
9.4	0.3271671055190561 +0.47704341501111314	0.30010173332847906 +0.11953400115521018
9.41	0.3256256962062257 +0.4793044594640707	0.3008027979605231 +0.12099488702867332
9.42	0.3240824512132463 +0.481552337844591	0.30149663832310386 +0.12245744945713677
9.43	0.3225373751336133 +0.4837871950577187	0.302183331825433 +0.12392163652341524
9.44	0.3209905155907439 +0.48600917285356066	0.30286289978671943 +0.1253873954115405
9.45	0.3194418831454318 +0.4882184099315457	0.30353538256675267 +0.12685467465455377
9.46	0.3178915181737393 +0.49041504204028974	0.304200863075398 +0.12832342486856504
9.47	0.31633945305335887 +0.4925992020732653	0.3048593479428 +0.12979359599330753
9.48	0.3147857069269866 +0.49477102016050806	0.3055109010177309 +0.13126514070882722
9.49	0.31323031647249605 +0.4969306237565463	0.3061555936367413 +0.13273801041921762
9.5	0.31167330492334366 +0.49907813772474235	0.30679344209377374 +0.13421215956306476
9.51	0.31011470339537506 +0.5012136844182222	0.307424487126917 +0.13568754262033417
9.52	0.30855454760007356 +0.5033373837575602	0.30804878839800737 +0.1371641144279
9.53	0.3069928425774056 +0.5054493533053652	0.3086663970995706 +0.13864183099700644
9.54	0.3054296362554705 +0.5075497083379372	0.30927732115651935 +0.1401206492473563
9.55	0.30386494743855474 +0.5096385619141088	0.30988165119019634 +0.14160052696586162
9.56	0.30229880105064844 +0.5117160249414178	0.3104793972104692 +0.1430814232688391
9.57	0.3007312378979395 +0.513782206239739	0.31107060661366215 +0.1445632965302462
9.58	0.2991622582786944 +0.5158372126024741	0.3116553574898408 +0.14604610703581458
9.59	0.29759191551499775 +0.5178811488554351	0.3122336453278796 +0.14752981563534256
9.6	0.29602021869670786 +0.5199141179135063	0.31280554091048407 +0.14901438385823249
9.61	0.29444719680732667 +0.5219362208351968	0.31337107457057223 +0.15049977374656145
9.62	0.29287288080899676 +0.5239475568751768	0.3139302917650976 +0.15198594802162307
9.63	0.2912972877788544 +0.5259482235348788	0.31448322948878965 +0.15347287019107883
9.64	0.28972043568583794 +0.5279383166112614	0.31502993177542116 +0.15496050526361485
9.65	0.28814237297953094 +0.5299179302438083	0.3155704464269367 +0.156448817184625
9.66	0.28656311089259173 +0.5318871569598397	0.31610480262721813 +0.15793777149628227
9.67	0.28498266836690833 +0.533846087718208	0.31663304346688714 +0.15942733482111043
9.68	0.2834010703763543 +0.5357948119514571	0.31715520840180556 +0.16091747385230137
9.69	0.2818183342398134 +0.5377334176064934	0.31767134716065076 +0.16240815528825864
9.7	0.2802345149953901 +0.5396619911838476	0.31818149151084707 +0.16389934714079513
9.71	0.27864959842909226 +0.5415806177755724	0.318685658585386 +0.16539101865690978
9.72	0.2770636137144525 +0.5434893811018449	0.31918392543287843 +0.1668831382118125
9.73	0.2754766009498164 +0.5453883635463256	0.31967630530382446 +0.16837567559853597
9.74	0.2738885742832643 +0.5472776461903063	0.3201628425695725 +0.1698686013986762
9.75	0.2722995509399357 +0.549157308845728	0.3206435784366402 +0.1713618855940805
9.76	0.2707095606758573 +0.5510274300870915	0.3211185429108288 +0.172855499730737
9.77	0.26911861852506685 +0.5528880872823062	0.32158777609391387 +0.17434941514565666
9.78	0.2675267491068739 +0.5547393566225315	0.3220513111644973 +0.17584360435847385
9.79	0.2659339751379946 +0.5565813131510445	0.3225091977428308 +0.17733804065992448
9.8	0.2643403157165105 +0.5584140307911666	0.3229614650654174 +0.17883269667479193
9.81	0.26274578693997813 +0.5602375823732887	0.3234081491648271 +0.18032754542318663
9.82	0.2611504204411483 +0.5620520396610478	0.32384927123431356 +0.18182256234216596
9.83	0.25955423002468775 +0.5638574733766528	0.32428489377088326 +0.18331772141545802
9.84	0.25795722125565057 +0.5656539532254193	0.3247150348380052 +0.1848129973627285
9.85	0.256359441540338 +0.5674415479195454	0.3251397324272538 +0.18630836587424596
9.86	0.2547608974969792 +0.5692203252011293	0.3255590135251104 +0.1878038030918287
9.87	0.25316162159210476 +0.5709903518644883	0.3259729366010707 +0.18929928573631502
9.88	0.2515616055659863 +0.5727516937777879	0.32638151834357704 +0.19079478936212874
9.89	0.24996089114854825 +0.5745044159040158	0.3267847680349464 +0.19229029207140053
9.9	0.2483594891753824 +0.576248582321311	0.327182763602014 +0.1937857714783437
9.91	0.24675741190623424 +0.5779842562426907	0.32757552817477 +0.19528120499998333
9.92	0.24515469221797948 +0.5797115000351841	0.3279630735407875 +0.1967765716842361
9.93	0.24355135036621445 +0.5814303752383926	0.328345449777422 +0.19827184898120206
9.94	0.24194739286782652 +0.5831409425825078	0.32872268203659893 +0.19976701770010083
9.95	0.2403428378375903 +0.5848432620058025	0.32909480595620644 +0.20126205592032545
9.96	0.2387377125422048 +0.5865373926716063	0.3294618634615905 +0.2027569445215959
9.97	0.23713202353253188 +0.5882233929847893	0.3298238761456678 +0.20425166285661742
9.98	0.23552579460755882 +0.5899013206077843	0.33018086490152604 +0.20574619204321648
9.99	0.23391905091019669 +0.5915712324761316	0.33053287452704516 +0.20724051286464437
10.	0.23231179355229073 +0.5932331848135953	0.3308799428939327 +0.20873460605020716