0.01	0.4019947989831691 0.3404521359847364	0.2539360031630277 0.04939529614480855
0.02	-0.8167558729027393 0.9847040261278538	0.068748571638861 1.103315745028191
0.03	-1.5978988370973726 0.999443332516521	-0.4388298502843154 1.7509481626912313
0.04	-2.1993669603547525 0.9861229811642654	-0.9264748046902913 2.232004379479479
0.05	-2.708130179889838 0.9742138024520617	-1.37643745838313 2.6166877536124717
0.06	-3.156508080481324 0.9653978610138816	-1.7902500771094658 2.9371291359294154
0.07	-3.5606983477752507 0.95894693194455	-2.1722895279964707 3.21154759913566
0.08	-3.9304137165788746 0.9541442128454081	-2.526903192681978 3.451380354269668
0.09	-4.272140865677081 0.9504885077440074	-2.8578430491419256 3.664289685711231
0.1	-4.590519774007253 0.9476457600347222	-3.1682307372736505 3.85565848777144
0.11	-4.8890283537511 0.9453921868039895	-3.4606437800533842 4.0294105936073725
0.12	-5.170363231371436 0.9435750363099283	-3.7372161544708358 4.188492725197746
0.13	-5.436669753478376 0.9420877326442005	-3.999726270635437 4.33517295156587
0.14	-5.689689773655471 0.9408542913762405	-4.249668038310665 4.471233519109206
0.15	-5.930861195196783 0.9398194319696795	-4.488306728769129 4.59809989584494
0.16	-6.161387569066705 0.9389421850680159	-4.716722565499217 4.71692974095255
0.17	-6.3822882385929045 0.9381916729234533	-4.9358448020841195 4.82867583462214
0.18	-6.594435367701721 0.9375442665645605	-5.146478509820691 4.934131591629724
0.19	-6.798581881468169 0.936981632815929	-5.349325772143825 5.03396463027229
0.2	-6.99538290026826 0.9364893679903606	-5.545002598697395 5.128741962861337
0.21	-7.185412474012523 0.9360560257700611	-5.7340525311668324 5.218949194710757
0.22	-7.369176793838188 0.9356724147074694	-5.9169576756789715 5.305005360560454
0.23	-7.547124771676437 0.9353310832323994	-6.094147711169503 5.387274534772669
0.24	-7.719656592932624 0.9350259370893315	-6.2660073122627775 5.466075020487373
0.25	-7.887130700425141 0.9347519516563138	-6.432882296587594 5.5416866986964495
0.26	-8.049869550877444 0.9345049531534576	-6.595084752185793 5.61435696151402
0.27	-8.208164391268603 0.9342814504911532	-6.7528973504579515 5.684305544734206
0.28	-8.362279258520532 0.934078504772936	-6.9065769796728 5.7517284950022995
0.29	-8.512454344933701 0.9338936270989551	-7.056357835627512 5.8168014515766595
0.3	-8.65890885324874 0.9337246978531635	-7.202454058948169 5.879682379484253
0.31	-8.801843428697294 0.9335699024523308	-7.345061996430345 5.9405138604054475
0.32	-8.941442243945835 0.9334276798196373	-7.484362150263437 5.999425024649754
0.33	-9.077874793878582 0.9332966807750017	-7.620520867803295 6.056533189471506
0.34	-9.211297450529914 0.9331757342136915	-7.7536918058351665 6.1119452553009985
0.35	-9.341854811964007 0.9330638194460762	-7.884017214313153 6.165758902220808
0.36	-9.469680884512988 0.9329600434447831	-8.011629052591918 6.218063619349051
0.37	-9.594900108523342 0.9328636220259552	-8.136649981044442 6.268941594767598
0.38	-9.7176282752908 0.9327738642035844	-8.25919422528032 6.3184684878673645
0.39	-9.837973321051722 0.9326901591180403	-8.379368348204586 6.366714102247552
0.4	-9.956036040148069 0.9326119650643224	-8.497271929793731 6.413742974182409
0.41	-10.071910713956926 0.9325388002420087	-8.612998179628764 6.459614889138273
0.42	-10.18568567159383 0.9324702349238977	-8.726634473179725 6.50438533645931
0.43	-10.297443791744346 0.9324058847991901	-8.8382628403843 6.548105910895428
0.44	-10.407262950869933 0.9323454052934349	-8.947960399884346 6.590824668610482
0.45	-10.51521642610873 0.9322884867042777	-9.055799751502695 6.632586443043135
0.46	-10.621373258185615 0.932234850021312	-9.161849327289463 6.673433126709722
0.47	-10.725798578719521 0.9321842433218706	-9.266173710830586 6.713403922613254
0.48	-10.828553904533589 0.9321364386535299	-9.368833927149428 6.752535569546456
0.49	-10.92969740732362 0.9320912293293294	-9.469887700747263 6.790862544166072
0.5	-11.029284156068883 0.9320484275742299	-9.56938969759939 6.82841724285728
0.51	-11.127366338654069 0.9320078624714581	-9.667391739186458 6.865230145712197
0.52	-11.223993462721644 0.9319693781656471	-9.763943000055455 6.901329964579977
0.53	-11.31921253972899 0.9319328322866355	-9.859090188923096 6.936743777238561
0.54	-11.413068254277398 0.9318980945633639	-9.952877714398783 6.97149714896155
0.55	-11.505603117970576 0.9318650456019827	-10.045347834589908 7.0056142429650246
0.56	-11.59685760979262 0.9318335758062982	-10.136540797234051 7.03911792119339
0.57	-11.686870307857085 0.9318035844217679	-10.226494968346207 7.072029835908469
0.58	-11.775678006873664 0.9317749786871503	-10.315246948679244 7.104370513567668
0.59	-11.86331583127023 0.9317476730800746	-10.40283168257681 7.136159431519529
0.6	-11.949817333997535 0.9317215886448459	-10.489282558743984 7.167415088180441
0.61	-12.035214592533627 0.9316966523922787	-10.574631502509195 7.198155067624584
0.62	-12.119538294986247 0.9316727967629308	-10.658909061232821 7.228396098731864
0.63	-12.202817821634872 0.9316499591460872	-10.74214448575633 7.258154109833998
0.64	-12.28508131751698 0.9316280814480198	-10.82436580076151 7.287444278869216
0.65	-12.366355765723567 0.9316071097037392	-10.905599877478483 7.316281079852383
0.66	-12.446667047075973 0.9315869937273636	-10.985872494269183 7.344678325649405
0.67	-12.526040004807658 0.9315676867967012	-11.06520839746883 7.372649207683071
0.68	-12.604498497975694 0.9315491453682802	-11.143631357520613 7.400206332608362
0.69	-12.682065454213848 0.9315313288195094	-11.221164218283812 7.427361756350251
0.7	-12.758762918260768 0.9315141992150178	-11.297828946970874 7.454127015720231
0.71	-12.834612098642221 0.9314977210946461	-11.373646680306651 7.480513157811863
0.72	-12.909633408806812 0.9314818612807836	-11.448637763629701 7.506530767288074
0.73	-12.983846508060191 0.9314665887030581	-11.522821793544951 7.532189991821086
0.74	-13.057270338919288 0.9314518742386362	-11.596217653103192 7.557500565839788
0.75	-13.129923161809149 0.9314376905665157	-11.66884354789333 7.582471832635907
0.76	-13.201822588630659 0.9314240120344556	-11.740717037314319 7.607112765038092
0.77	-13.27298561208347 0.9314108145372981	-11.811855066360987 7.631431984742736
0.78	-13.34342863779013 0.9313980754055405	-11.882273993689207 7.655437780378304
0.79	-13.41316750845594 0.9313857733032358	-11.951989620013398 7.679138124461997
0.8	-13.482217531733333 0.9313738881342988	-12.021017212378483 7.702540689270347
0.81	-13.550593504015792 0.9313624009564294	-12.089371529447547 7.725652861631434
0.82	-13.618309733768758 0.9313512939019739	-12.1570668429492 7.748481757051759
0.83	-13.685380061312022 0.9313405501050881	-12.224116961040444 7.771034232759475
0.84	-13.751817882191327 0.9313301536345998	-12.290535245948798 7.793316900002698
0.85	-13.817636164202298 0.9313200894321193	-12.356334636471358 7.815336135803383
0.86	-13.882847466953251 0.9313103432548656	-12.42152766336372 7.837098093755228
0.87	-13.947463958293694 0.9313009016228773	-12.486126467713481 7.858608714425578
0.88	-14.011497431404683 0.9312917517701567	-12.550142817465566 7.879873735027911
0.89	-14.074959319882714 0.9312828815994554	-12.613588122317449 7.900898698643917
0.9	-14.137860713183832 0.9312742796403842	-12.676473448582819 7.921688962783061
0.91	-14.20021236890515 0.9312659350105638	-12.738809532883963 7.942249707709724
0.92	-14.26202472841515 0.9312578373795733	-12.800606795602647 7.962585944063606
0.93	-14.3233079273173 0.931249976935457	-12.861875353736178 7.982702520250838
0.94	-14.384071808669654 0.9312423443536005	-12.922625031421793 8.002604129298414
0.95	-14.444325934336838 0.9312349307677661	-12.982865373168165 8.022295315516782
0.96	-14.504079594937664 0.9312277277431386	-13.04260565290458 8.041780480631006
0.97	-14.56334182107861 0.9312207272511991	-13.101854885497099 8.061063889732788
0.98	-14.622121392418725 0.9312139216462978	-13.160621835964417 8.080149676855847
0.99	-14.680426847822016 0.9312073036438194	-13.218915028690994 8.099041850311384
1.	-14.73826649381452 0.9312008662997533	-13.276742756309423 8.117744297685707
1.01	-14.795648412752996 0.9311946029916517	-13.33411308862955 8.136260790687087
1.02	-14.852580471672994 0.9311885074007844	-13.391033880137467 8.154594989692008
1.03	-14.909070329360578 0.9311825734954751	-13.447512778099549 8.172750448083725
1.04	-14.96512544458109 0.931176795515478	-13.503557229826585 8.190730616361403
1.05	-15.0207530820186 0.9311711679573643	-13.559174489356058 8.208538846106391
1.06	-15.07596032011237 0.931165685560787	-13.614371624682667 8.22617839366811
1.07	-15.130754056523324 0.9311603432956539	-13.669155524124042 8.243652423834659
1.08	-15.185141015248036 0.9311551363500237	-13.723532901899986 8.26096401313115
1.09	-15.23912775202949 0.9311500601187997	-13.77751030505851 8.278116153140553
1.1	-15.292720659893297 0.9311451101930651	-13.831094118269434 8.295111753558027
1.11	-15.345925975006692 0.9311402823500732	-13.884290569132077 8.311953645195818
1.12	-15.3987497815877 0.9311355725438297	-13.93710573404959 8.32864458274701
1.13	-15.451198016645131 0.931130976896235	-13.989545543183192 8.345187247569632
1.14	-15.50327647556386 0.9311264916887233	-14.04161578396932 8.361584250181762
1.15	-15.554990815895678 0.9311221133544071	-14.093322107215684 8.37783813280078
1.16	-15.606346561717832 0.931117838470669	-14.144670030961217 8.39395137165755
1.17	-15.657349108636533 0.9311136637521523	-14.195664944038079 8.409926379319526
1.18	-15.70800372755138 0.9311095860441734	-14.24631211096408 8.425765506790093
1.19	-15.758315567363304 0.9311056023164979	-14.296616675580644 8.441471045602286
1.2	-15.808289660942153 0.9311017096574413	-14.346583664452249 8.457045229842372
1.21	-15.857930926629468 0.9310979052683231	-14.396217990970554 8.472490238031423
1.22	-15.907244172745262 0.9310941864582019	-14.44552445833748 8.4878081949011
1.23	-15.95623410100192 0.9310905506389056	-14.494507763179135 8.503001173268101
1.24	-16.004905309166997 0.9310869953203224	-14.543172498382308 8.51807119558919
1.25	-16.053262294354024 0.9310835181059522	-14.591523156802282 8.53302023565637
1.26	-16.101309456665927 0.9310801166886806	-14.639564133521056 8.54785022011848
1.27	-16.149051100372017 0.931076788846787	-14.687299729219433 8.562563029953925
1.28	-16.196491438540885 0.9310735324401497	-14.73473415270945 8.577160501951425
1.29	-16.243634594735703 0.9310703454066551	-14.78187152308413 8.591644430035243
1.3	-16.290484604878667 0.9310672257587826	-14.828715873328385 8.606016566609622
1.31	-16.337045422137145 0.9310641715803785	-14.875271152358689 8.62027862381419
1.32	-16.383320915802656 0.9310611810235739	-14.92154122644824 8.63443227479546
1.33	-16.42931487688272 0.9310582523058636	-14.967529882773425 8.648479154819515
1.34	-16.475031018352844 0.9310553837073439	-15.013240831105817 8.662420862432297
1.35	-16.520472977864756 0.9310525735680626	-15.058677705890814 8.676258960561126
1.36	-16.56564431968691 0.931049820285524	-15.1038440686975 8.68999497756003
1.37	-16.610548537080003 0.9310471223122906	-15.148743409783993 8.703630408221995
1.38	-16.65518905374126 0.931044478153728	-15.193379149588159 8.71716671473417
1.39	-16.699569225405646 0.9310418863658303	-15.237754641868317 8.73060532763901
1.4	-16.743692343214875 0.9310393455531636	-15.281873174087682 8.743947646750893
1.41	-16.787561633099003 0.9310368543669185	-15.325737970334849 8.757195042010283
1.42	-16.831180259210694 0.9310344115030278	-15.369352192328279 8.770348854337428
1.43	-16.874551325048483 0.9310320157003897	-15.412718941054404 8.783410396426763
1.44	-16.917677874917228 0.9310296657391669	-15.455841258424991 8.796380953557428
1.45	-16.960562895496285 0.9310273604391709	-15.498722128884848 8.809261784351584
1.46	-17.00320931720359 0.9310250986583137	-15.541364480837423 8.822054121497013
1.47	-17.045620016059576 0.9310228792911277	-15.583771188153667 8.834759172435643
1.48	-17.08779781426816 0.9310207012673608	-15.62594507101776 8.847378120090411
1.49	-17.129745482420557 0.9310185635506287	-15.667888898135772 8.859912123510933
1.5	-17.171465740409595 0.9310164651371269	-15.70960538724442 8.872362318460443
1.51	-17.212961258318742 0.9310144050544072	-15.75109720691259 8.884729818113312
1.52	-17.254234658106153 0.9310123823601939	-15.792366977196176 8.897015713613978
1.53	-17.29528851473889 0.9310103961412654	-15.833417271466274 8.909221074640628
1.54	-17.336125357420094 0.9310084455123725	-15.874250617017683 8.921346949977947
1.55	-17.376747670019782 0.9310065296152216	-15.914869496543425 8.933394368071218
1.56	-17.41715789319359 0.9310046476174769	-15.955276348705082 8.9453643375401
1.57	-17.457358424459525 0.9310027987118262	-15.99547356954579 8.957257847653818
1.58	-17.497351619892196 0.9310009821150724	-16.03546351386694 8.969075868875574
1.59	-17.53713979468765 0.93099919706727	-16.075248495210126 8.980819353305861
1.6	-17.57672522394221 0.9309974428309029	-16.114830787885474 8.992489235138352
1.61	-17.61611014479184 0.9309957186900732	-16.154212626945913 9.004086431123314
1.62	-17.65529675548239 0.9309940239497615	-16.193396209599374 9.015611840990683
1.63	-17.694287217442714 0.9309923579350802	-16.232383696215482 9.027066347864482
1.64	-17.733083656051733 0.9309907199905778	-16.27117721080725 9.038450818685915
1.65	-17.771688161061743 0.930989109479566	-16.309778841781874 9.049766104576877
1.66	-17.810102787577797 0.9309875257834774	-16.3481906434293 9.061013041251657
1.67	-17.84832955683178 0.9309859683012478	-16.38641463564157 9.072192449370057
1.68	-17.886370457243174 0.9309844364487107	-16.424452805651253 9.083305134896703
1.69	-17.924227444338282 0.930982929658039	-16.462307108211142 9.09435188947869
1.7	-17.961902442266418 0.9309814473771901	-16.499979466172277 9.105333490717273
1.71	-17.999397344204557 0.9309799890693786	-16.537471772000423 9.11625070257929
1.72	-18.036714012996967 0.9309785542125734	-16.57478588721084 9.127104275653677
1.73	-18.073854281599736 0.9309771422990091	-16.6119236442624 9.137894947477879
1.74	-18.110819954447717 0.9309757528347103	-16.64888684623585 9.148623442854628
1.75	-18.14761280704408 0.9309743853390605	-16.68567726791913 9.159290474127655
1.76	-18.184234587516265 0.9309730393443428	-16.72229665652626 9.169896741473492
1.77	-18.220687016455475 0.9309717143953473	-16.758746732024722 9.180442933169099
1.78	-18.256971787960733 0.930970410048955	-16.795029187479457 9.19092972586388
1.79	-18.293090570206395 0.9309691258737536	-16.831145690210437 9.20135778484008
1.8	-18.329045005271713 0.9309678614496788	-16.867097881904844 9.211727764273745
1.81	-18.36483671116783 0.9309666163676312	-16.902887379286064 9.22204030746519
1.82	-18.4004672804417 0.9309653902291601	-16.938515774487495 9.232296047082484
1.83	-18.435938282193888 0.9309641826461093	-16.973984635807735 9.242495605413458
1.84	-18.471251261942584 0.9309629932403052	-17.00929550785141 9.25263959456523
1.85	-18.506407741934286 0.9309618216432547	-17.04444991272011 9.262728616696148
1.86	-18.54140922219234 0.9309606674958364	-17.07944934922728 9.272763264237788
1.87	-18.576257180053435 0.9309595304480207	-17.114295294633234 9.282744120092183
1.88	-18.610953072148504 0.9309584101585884	-17.148989204199165 9.292671757842486
1.89	-18.64549833270313 0.9309573062948763	-17.183532512231633 9.302546741932105
1.9	-18.679894375886338 0.9309562185325007	-17.2179266318743 9.312369627901797
1.91	-18.714142595121256 0.9309551465551257	-17.25217295627187 9.322140962517738
1.92	-18.748244364074335 0.9309540900542148	-17.286272858220663 9.331861283987674
1.93	-18.782201036456538 0.9309530487288011	-17.32022769108719 9.341531122164044
1.94	-18.816013946734703 0.9309520222852702	-17.354038788654865 9.35115099865515
1.95	-18.84968441088101 0.9309510104371382	-17.387707466449033 9.36072142703784
1.96	-18.8832137258382 0.9309500129048377	-17.421235020881998 9.370242913021732
1.97	-18.9166031705803 0.9309490294155331	-17.45462273053613 9.379715954587892
1.98	-18.949854006436766 0.9309480597029144	-17.487871855933175 9.389141042148905
1.99	-18.982967476818352 0.9309471035070104	-17.52098364036057 9.398518658729488
2.	-19.01594480824076 0.9309461605740097	-17.55395930975148 9.407849280075936
2.01	-19.048787210386905 0.9309452306560884	-17.586800073329368 9.417133374822269
2.02	-19.081495876328635 0.9309443135112311	-17.61950712368807 9.426371404641714
2.03	-19.114071982943823 0.9309434089030741	-17.652081637078503 9.435563824346177
2.04	-19.146516690842883 0.9309425166007517	-17.684524774182407 9.44471108206917
2.05	-19.178831145582638 0.9309416363787282	-17.716837679800644 9.453813619351918
2.06	-19.211016477026018 0.9309407680166618	-17.74902148332675 9.462871871315862
2.07	-19.24307379974976 0.9309399112992585	-17.78107729918811 9.471886266732763
2.08	-19.27500421379167 0.9309390660161307	-17.81300622703399 9.48085722820778
2.09	-19.306808804949878 0.9309382319616568	-17.84480935185293 9.48978517225067
2.1	-19.338488644021897 0.9309374089348741	-17.87648774450802 9.498670509408907
2.11	-19.370044788083444 0.9309365967393194	-17.908042461754693 9.50751364439084
2.12	-19.401478280662953 0.9309357951829379	-17.939474546582773 9.516314976156268
2.13	-19.432790151603974 0.930935004077941	-17.970785028327125 9.525074898041039
2.14	-19.4639814172141 0.9309342232407084	-18.001974923293186 9.533793797849318
2.15	-19.4950530808081 0.9309334524916733	-18.033045234318553 9.54247205797296
2.16	-19.526006133315068 0.9309326916552048	-18.063996951974193 9.551110055472474
2.17	-19.55684155227735 0.9309319405595181	-18.09483105355413 9.559708162188418
2.18	-19.587560303400895 0.9309311990365648	-18.12554850452709 9.56826674484056
2.19	-19.61816333996234 0.9309304669219373	-18.156150257751484 9.576786165108787
2.2	-19.64865160346088 0.9309297440547728	-18.186637254405095 9.585266779724934
2.21	-19.679026023240702 0.9309290302776676	-18.217010423624178 9.593708940591048
2.22	-19.70928751732241 0.9309283254365781	-18.24727068321883 9.602112994819164
2.23	-19.739436992334504 0.9309276293807409	-18.27741893942903 9.610479284858346
2.24	-19.76947534359181 0.930926941962586	-18.30745608733787 9.618808148559243
2.25	-19.799403455551893 0.9309262630376584	-18.337383011051074 9.627099919249828
2.26	-19.82922220151773 0.9309255924645372	-18.36720058383558 9.63535492584348
2.27	-19.858932444674387 0.9309249301047563	-18.3969096683911 9.64357349287368
2.28	-19.888535037203045 0.9309242758227366	-18.42651111671664 9.65175594062942
2.29	-19.918030821331797 0.9309236294857081	-18.45600577081853 9.659902585168213
2.3	-19.94742062889982 0.9309229909636413	-18.485394462385074 9.668013738414315
2.31	-19.976705281884854 0.9309223601291792	-18.51467801312458 9.676089708260655
2.32	-20.00588559255603 0.930921736857577	-18.543857234963056 9.684130798590168
2.33	-20.03496236345544 0.9309211210266211	-18.572932930225498 9.692137309365835
2.34	-20.06393638746483 0.9309205125165918	-18.601905891819545 9.700109536700808
2.35	-20.09280844828227 0.9309199112101817	-18.6307769029447 9.70804777293895
2.36	-20.121579320484194 0.9309193169924426	-18.659546738161705 9.715952306674241
2.37	-20.150249769421574 0.9309187297507345	-18.68821616242825 9.723823422849792
2.38	-20.17882055163667 0.9309181493746673	-18.716785932264496 9.731661402825091
2.39	-20.20729241481347 0.9309175757560373	-18.74525679508686 9.739466524398006
2.4	-20.235666097945888 0.9309170087887922	-18.77362948980682 9.747239061902217
2.41	-20.26394233200754 0.9309164483689615	-18.801904746991937 9.754979286250276
2.42	-20.292121838853618 0.9309158943946235	-18.83008328852013 9.762687464984442
2.43	-20.3202053327592 0.9309153467658459	-18.85816582827424 9.770363862338048
2.44	-20.348193519425656 0.9309148053846444	-18.886153071982825 9.77800873930131
2.45	-20.376087096879772 0.9309142701549314	-18.914045717373828 9.785622353648607
2.46	-20.403886755071614 0.9309137409824838	-18.94184445439353 9.793204960010877
2.47	-20.431593176502638 0.9309132177748802	-18.9695499650694 9.800756809915178
2.48	-20.459207035569595 0.9309127004414827	-18.997162923980838 9.80827815185751
2.49	-20.486728999577075 0.9309121888933741	-19.024683997903978 9.815769231317727
2.5	-20.51415972827102 0.9309116830433323	-19.052113846747805 9.823230290830425
2.51	-20.541499874041858 0.930911182805788	-19.079453122639368 9.83066157003184
2.52	-20.568750082345357 0.9309106880967829	-19.106702470791998 9.838063305686536
2.53	-20.595910991173884 0.9309101988339405	-19.133862529296902 9.845435731760588
2.54	-20.62298323194 0.9309097149364216	-19.1609339292066 9.852779079446366
2.55	-20.649967428934882 0.9309092363248987	-19.187917294721355 9.860093577208898
2.56	-20.676864199904163 0.9309087629215153	-19.21481324330057 9.867379450836772
2.57	-20.703674155614483 0.9309082946498588	-19.241622385870105 9.874636923481107
2.58	-20.730397900542265 0.9309078314349174	-19.268345326488294 9.881866215680231
2.59	-20.757036032590953 0.9309073732030653	-19.294982663133183 9.889067545427178
2.6	-20.78358914322409 0.9309069198820215	-19.321534987072717 9.896241128192685
2.61	-20.81005781770309 0.9309064714008184	-19.34800288339717 9.903387176958605
2.62	-20.83644263506898 0.9309060276897821	-19.374386931075204 9.910505902271991
2.63	-20.862744168305884 0.930905588680493	-19.400687702907934 9.917597512274163
2.64	-20.88896298415135 0.9309051543057697	-19.426905765632956 9.924662212737257
2.65	-20.915099643687697 0.9309047244996322	-19.45304168002106 9.931700207086816
2.66	-20.94115470198919 0.9309042991972861	-19.479096001223738 9.938711696476643
2.67	-20.96712870845368 0.9309038783350886	-19.505069278426667 9.945696879770383
2.68	-20.993022206678162 0.9309034618505219	-19.530962055028315 9.952655953622854
2.69	-21.01883573464962 0.9309030496821872	-19.5567748691374 9.959589112473854
2.7	-21.044569824885283 0.9309026417697548	-19.582508253007592 9.966496548609591
2.71	-21.070225004435965 0.9309022380539592	-19.60816273359014 9.973378452186738
2.72	-21.09580179509547 0.9309018384765712	-19.63373883251899 9.980235011250942
2.73	-21.12130071300592 0.9309014429803799	-19.659237065988947 9.98706641179345
2.74	-21.14672226953363 0.9309010515091605	-19.684657945178248 9.993872837745368
2.75	-21.172066970441914 0.9309006640076742	-19.710001975664802 10.00065447104588
2.76	-21.197335316608154 0.930900280421623	-19.73526965843742 10.007411491643241
2.77	-21.222527804043786 0.9308999006976459	-19.760461489283948 10.01414407754128
2.78	-21.247644923546687 0.9308995247832952	-19.78557795877685 10.020852404812276
2.79	-21.27268716109366 0.9308991526270202	-19.810619553001768 10.027536647639787
2.8	-21.2976549978798 0.9308987841781458	-19.83558675307626 10.034196978328161
2.81	-21.32254891030775 0.9308984193868532	-19.860480035241814 10.040833567349265
2.82	-21.347369370205534 0.9308980582041683	-19.885299871217242 10.047446583356072
2.83	-21.372116844619864 0.9308977005819362	-19.91004672791692 10.05403619320597
2.84	-21.39679179610686 0.9308973464728153	-19.93472106790435 10.0606025619984
2.85	-21.421394682623877 0.9308969958302495	-19.95932334903632 10.067145853084838
2.86	-21.445925957800945 0.9308966486084652	-19.983854024848537 10.073666228100631
2.87	-21.47038607068976 0.930896304762439	-20.008313544475143 10.080163847005986
2.88	-21.494775466358703 0.9308959642478962	-20.032702352502326 10.086638868063122
2.89	-21.519094585226693 0.9308956270212947	-20.05702088965785 10.0930914479131
2.9	-21.543343863631687 0.9308952930398031	-20.08126959202453 10.099521741564411
2.91	-21.567523733796293 0.9308949622612938	-20.105448891684006 10.10592990242986
2.92	-21.59163462369379 0.9308946346443262	-20.1295592168011 10.112316082331713
2.93	-21.615676957404073 0.9308943101481324	-20.15360099112893 10.11868043154973
2.94	-21.639651154943884 0.9308939887326035	-20.177574634656935 10.125023098820693
2.95	-21.663557632200263 0.9308936703582839	-20.20148056338292 10.131344231366567
2.96	-21.68739680144715 0.9308933549863431	-20.225319189221942 10.137643974924371
2.97	-21.711169070815064 0.9308930425785876	-20.24909092049711 10.143922473737964
2.98	-21.7348748448565 0.9308927330974186	-20.272796161523605 10.150179870603994
2.99	-21.7585145242531 0.9308924265058546	-20.296435313039083 10.156416306900601
3.	-21.78208850590659 0.930892122767481	-20.320008771734663 10.162631922573679
3.01	-21.80559718310726 0.9308918218464773	-20.343516931050818 10.16882685617225
3.02	-21.829040945638948 0.9308915237075773	-20.366960180442362 10.175001244869314
3.03	-21.852420179614402 0.9308912283160734	-20.390338906168406 10.181155224486965
3.04	-21.875735267401357 0.9308909356378046	-20.41365349054322 10.187288929488824
3.05	-21.898986588412992 0.9308906456391373	-20.436904312674816 10.193402493027772
3.06	-21.92217451803537 0.9308903582869678	-20.46009174813291 10.19949604694477
3.07	-21.945299428568095 0.9308900735487023	-20.48321616919778 10.205569721781439
3.08	-21.96836168887452 0.930889791392255	-20.506277944432018 10.21162364681968
3.09	-21.991361664487385 0.9308895117860341	-20.529277439501787 10.217657950082158
3.1	-22.01429971778928 0.9308892346989273	-20.55221501659624 10.223672758339472
3.11	-22.03717620764973 0.9308889601003092	-20.57509103466858 10.229668197153432
3.12	-22.059991489944196 0.9308886879600169	-20.597905849474966 10.235644390867726
3.13	-22.08274591733441 0.9308884182483455	-20.620659813630912 10.241601462628116
3.14	-22.105439839458665 0.9308881509360419	-20.64335327668453 10.247539534415504
3.15	-22.128073602558906 0.9308878859943046	-20.665986584899777 10.253458727036291
3.16	-22.15064755012461 0.9308876233947527	-20.68856008176575 10.259359160150568
3.17	-22.173162022588905 0.930887363109439	-20.711074107415016 10.265240952288822
3.18	-22.195617357219728 0.9308871051108377	-20.733528999395194 10.271104220857321
3.19	-22.21801388863604 0.9308868493718295	-20.755925091960997 10.27694908216105
3.2	-22.2403519482432 0.9308865958657019	-20.778262716739686 10.282775651406524
3.21	-22.262631864816743 0.930886344566139	-20.800542202281278 10.288584042724251
3.22	-22.284853964049866 0.9308860954472158	-20.822763874308343 10.294374369186455
3.23	-22.307018569040846 0.9308858484833877	-20.844928055826813 10.300146742802825
3.24	-22.329126000058984 0.9308856036494864	-20.867035067092594 10.30590127455746
3.25	-22.351176574525923 0.9308853609207127	-20.889085225539894 10.31163807439566
3.26	-22.37317060719062 0.9308851202726367	-20.911078845882894 10.317357251255983
3.27	-22.395108410314084 0.9308848816811723	-20.933016240207035 10.32305891307405
3.28	-22.416990293249253 0.9308846451225951	-20.95489771782407 10.328743166803308
3.29	-22.438816562747505 0.9308844105735206	-20.976723585653144 10.334410118418477
3.3	-22.460587523246993 0.930884178010899	-20.998494147835903 10.340059872916806
3.31	-22.482303476268033 0.9308839474120189	-21.020209706014064 10.345692534357449
3.32	-22.503964721024985 0.9308837187544905	-21.041870559315445 10.351308205851664
3.33	-22.52557155413641 0.9308834920162473	-21.063477004310865 10.356906989586804
3.34	-22.547124269830647 0.9308832671755344	-21.085029335173132 10.362488986820654
3.35	-22.56862315973432 0.9308830442109148	-21.106527843603523 10.368054297913455
3.36	-22.59006851329771 0.9308828231012463	-21.127972818851212 10.373603022315653
3.37	-22.611460617290998 0.9308826038256921	-21.149364547815672 10.379135258607839
3.38	-22.632799756344273 0.9308823863637076	-21.170703314931863 10.38465110448406
3.39	-22.65408621270233 0.930882170695036	-21.191989402474693 10.390150656766505
3.4	-22.675320266193676 0.9308819567997082	-21.21322309023647 10.395634011440421
3.41	-22.696502194413494 0.9308817446580343	-21.234404655817745 10.401101263627021
3.42	-22.717632272793125 0.9308815342505931	-21.25553437457741 10.406552507622262
3.43	-22.73871077441139 0.9308813255582411	-21.276612519526726 10.411987836890129
3.44	-22.759737970163123 0.930881118562094	-21.29763936159142 10.417407344092704
3.45	-22.78071412870186 0.9308809132435395	-21.318615169374436 10.422811121060882
3.46	-22.801639516622185 0.9308807095842093	-21.33954020943247 10.428199258852597
3.47	-22.822514398409126 0.9308805075659919	-21.36041474617282 10.433571847721367
3.48	-22.84333903614732 0.9308803071710315	-21.381239041784195 10.438928977145668
3.49	-22.864113690157343 0.9308801083817062	-21.402013356425446 10.444270735839842
3.5	-22.884838618665775 0.9308799111806383	-21.4227379482752 10.44959721175083
3.51	-22.90551407755269 0.9308797155506872	-21.443413073210014 10.454908492074928
3.52	-22.926140320914488 0.9308795214749468	-21.46403898539041 10.460204663262337
3.53	-22.946717600812615 0.9308793289367356	-21.48461593677863 10.465485811031543
3.54	-22.96724616725181 0.9308791379195993	-21.505144177407903 10.470752020367787
3.55	-22.987726268312592 0.9308789484073043	-21.52562395520557 10.476003375543092
3.56	-23.00815815025018 0.9308787603838341	-21.54605551644046 10.481239960118439
3.57	-23.028542057140935 0.9308785738333887	-21.566439105241635 10.486461856941894
3.58	-23.048878231383156 0.9308783887403745	-21.58677496391486 10.491669148184013
3.59	-23.069166913308486 0.9308782050894124	-21.607063332844525 10.496861915306342
3.6	-23.089408341647424 0.9308780228653187	-21.627304450510056 10.502040239110197
3.61	-23.10960275301016 0.9308778420531142	-21.647498553757977 10.507204199710994
3.62	-23.12975038226922 0.9308776626380251	-21.66764587733877 10.51235387657096
3.63	-23.149851462627254 0.9308774846054574	-21.687746654400033 10.517489348483224
3.64	-23.16990622530716 0.9308773079410181	-21.70780111616017 10.522610693602253
3.65	-23.189914900014152 0.9308771326304996	-21.727809492227937 10.52771798942592
3.66	-23.20987771428141 0.930876958659883	-21.74777201028581 10.532811312825645
3.67	-23.22979489433276 0.9308767860153264	-21.767688896362063 10.53789074004369
3.68	-23.24966666455082 0.9308766146831723	-21.787560374897005 10.542956346698116
3.69	-23.26949324743191 0.9308764446499386	-21.807386668386982 10.548008207783845
3.7	-23.289274864055926 0.9308762759023154	-21.827167997809887 10.55304639770213
3.71	-23.309011733711383 0.9308761084271666	-21.846904582587214 10.558070990244312
3.72	-23.32870407413976 0.9308759422115214	-21.866596640148 10.563082058602118
3.73	-23.34835210123193 0.9308757772425802	-21.88624438661062 10.568079675377925
3.74	-23.36795602950028 0.9308756135077024	-21.905848036405686 10.57306391260038
3.75	-23.387516071767234 0.9308754509944098	-21.92540780231577 10.578034841713702
3.76	-23.407032439294156 0.9308752896903866	-21.944923895533012 10.582992533593282
3.77	-23.426505341752353 0.9308751295834633	-21.964396525790185 10.587937058547965
3.78	-23.445934987176166 0.9308749706616389	-21.98382590114169 10.592868486331607
3.79	-23.4653215823192 0.9308748129130467	-22.003212228198564 10.597786886136046
3.8	-23.484665332283285 0.9308746563259818	-22.022555711936306 10.602692326626476
3.81	-23.503966440520653 0.9308745008888837	-22.04185655613013 10.60758487590469
3.82	-23.523225109172934 0.9308743465903337	-22.061114962662604 10.612464601544385
3.83	-23.542441538886354 0.930874193419056	-22.08033113217563 10.617331570591139
3.84	-23.56161592883008 0.9308740413639159	-22.099505263910697 10.622185849573412
3.85	-23.58074847672173 0.9308738904139139	-22.118637555409734 10.627027504482449
3.86	-23.599839378827053 0.9308737405581956	-22.137728203087352 10.63185660081597
3.87	-23.618888829981422 0.9308735917860324	-22.156777401694796 10.636673203550686
3.88	-23.637897023802182 0.930873444086828	-22.17578534481666 10.64147737716212
3.89	-23.656864152203426 0.9308732974501195	-22.194752224309443 10.646269185631589
3.9	-23.675790405955336 0.9308731518655736	-22.213678231083666 10.651048692444059
3.91	-23.694675974418896 0.9308730073229783	-22.232563554313522 10.655815960600425
3.92	-23.713521045598903 0.9308728638122489	-22.25140838202599 10.66057105260993
3.93	-23.732325806199764 0.9308727213234204	-22.270212900904703 10.665314030520138
3.94	-23.751090441410504 0.9308725798466564	-22.288977296206944 10.670044955893175
3.95	-23.769815135387592 0.9308724393722333	-22.307701751933493 10.674763889823058
3.96	-23.788500070804425 0.9308722998905443	-22.326386450843994 10.679470892951064
3.97	-23.807145429095208 0.9308721613921013	-22.345031574380474 10.684166025443792
3.98	-23.82575139045605 0.9308720238675297	-22.36363730263419 10.688849347026146
3.99	-23.844318133786306 0.9308718873075646	-22.38220381454465 10.693520916971694
4.	-23.862845836764087 0.9308717517030527	-22.400731287707128 10.698180794103678
4.01	-23.881334675784256 0.9308716170449534	-22.419219898591596 10.702829036811766
4.02	-23.899784826089068 0.9308714833243297	-22.437669822361478 10.707465703040661
4.03	-23.91819646159471 0.9308713505323539	-22.456081232941724 10.71209085031193
4.04	-23.936569755021754 0.9308712186602985	-22.474454303089296 10.716704535714301
4.05	-23.95490487819659 0.9308710876995419	-22.49278920444552 10.721306815914891
4.06	-23.97320200123852 0.9308709576415627	-22.51108610729105 10.72589774716331
4.07	-23.991461293563976 0.9308708284779424	-22.529345180964924 10.730477385288976
4.08	-24.00968292321598 0.9308707002003582	-22.547566593457447 10.735045785715426
4.09	-24.02786705713396 0.9308705728005803	-22.56575051174152 10.739603003457553
4.1	-24.046013860966042 0.930870446270492	-22.583897101508526 10.744149093123799
4.11	-24.06412349949316 0.9308703206020504	-22.602006527466575 10.748684108930401
4.12	-24.082196136337494 0.9308701957873148	-22.620078953080704 10.753208104694954
4.13	-24.10023193382065 0.9308700718184397	-22.63811454084906 10.757721133842008
4.14	-24.118231053300608 0.9308699486876644	-22.65611345210498 10.762223249410242
4.15	-24.136193655085734 0.930869826387322	-22.674075847007668 10.766714504054502
4.16	-24.15411989821204 0.9308697049098318	-22.692001884845734 10.771194950049482
4.17	-24.17200994101916 0.9308695842476984	-22.709891723584747 10.775664639290035
4.18	-24.189863940408856 0.930869464393513	-22.727745520395516 10.780123623308205
4.19	-24.207682052350272 0.9308693453399575	-22.74556343117624 10.78457195325329
4.2	-24.225464432011087 0.9308692270797844	-22.763345610884436 10.789009679917177
4.21	-24.243211233086026 0.9308691096058448	-22.781092213531863 10.793436853727764
4.22	-24.260922608627048 0.930868992911053	-22.798803391947292 10.797853524755716
4.23	-24.278598710551872 0.9308688769884186	-22.816479297999347 10.80225974270958
4.24	-24.296239689730225 0.9308687618310227	-22.834120082733637 10.806655556955736
4.25	-24.313845696148118 0.9308686474320228	-22.851725895872452 10.811041016506742
4.26	-24.331416878586918 0.9308685337846596	-22.86929688646807 10.815416170026372
4.27	-24.34895338515901 0.9308684208822446	-22.88683320240629 10.819781065839383
4.28	-24.36645536269475 0.9308683087181664	-22.90433499060706 10.824135751933103
4.29	-24.383922957430066 0.9308681972858808	-22.921802397254694 10.828480275957276
4.3	-24.401356314265318 0.9308680865789294	-22.939235567237443 10.832814685222337
4.31	-24.418755577453428 0.9308679765909142	-22.95663464484179 10.837139026726962
4.32	-24.436120890128603 0.9308678673155126	-22.97399977318003 10.84145334712198
4.33	-24.453452394565463 0.9308677587464708	-22.99133109446308 10.845757692747622
4.34	-24.470750232228195 0.9308676508776048	-23.008628750127563 10.85005210962186
4.35	-24.48801454344607 0.9308675437027962	-23.02589288063295 10.854336643438481
4.36	-24.505245467934152 0.9308674372159962	-23.04312362550247 10.85861133958463
4.37	-24.52244314415746 0.9308673314112242	-23.060321123337562 10.862876243132261
4.38	-24.539607710045527 0.9308672262825586	-23.07748551199859 10.867131398841144
4.39	-24.556739302431918 0.9308671218241502	-23.094616928304678 10.871376851176004
4.4	-24.573838057375934 0.9308670180302068	-23.111715508310372 10.875612644278968
4.41	-24.5909041099912 0.9308669148950025	-23.12878138711196 10.879838822009061
4.42	-24.607937594666215 0.9308668124128705	-23.145814699093357 10.88405542791778
4.43	-24.62493864480797 0.9308667105782092	-23.162815577666507 10.888262505267711
4.44	-24.641907392979867 0.9308666093854766	-23.17978415541237 10.892460097024106
4.45	-24.658843971125954 0.9308665088291856	-23.19672056418224 10.896648245862242
4.46	-24.675748510076588 0.9308664089039109	-23.213624934838577 10.900826994176333
4.47	-24.692621140039357 0.9308663096042925	-23.230497397564367 10.904996384063246
4.48	-24.709461990270974 0.9308662109250163	-23.247338081676347 10.90915645735172
4.49	-24.726271189356936 0.9308661128608301	-23.26414711569637 10.913307255578278
4.5	-24.74304886499907 0.9308660154065354	-23.280924627319088 10.917448820016206
4.51	-24.759795144198495 0.930865918556993	-23.297670743492098 10.921581191651583
4.52	-24.776510152942354 0.9308658223071151	-23.314385590260866 10.9257044112028
4.53	-24.793194016721078 0.9308657266518663	-23.331069293107213 10.929818519116782
4.54	-24.809846860127948 0.9308656315862696	-23.34772197654967 10.933923555576003
4.55	-24.826468806919227 0.9308655371053941	-23.36434376442103 10.938019560496176
4.56	-24.84305998024066 0.9308654432043634	-23.38093477978801 10.942106573531692
4.57	-24.859620502327516 0.9308653498783531	-23.397495144936077 10.946184634070223
4.58	-24.876150494729373 0.9308652571225923	-23.414024981431005 10.950253781250364
4.59	-24.892650078451368 0.9308651649323483	-23.43052441009125 10.954314053948547
4.6	-24.909119373355793 0.9308650733029514	-23.446993550991014 10.958365490785877
4.61	-24.92555849891013 0.9308649822297732	-23.463432523463332 10.962408130137952
4.62	-24.94196757374426 0.9308648917082307	-23.479841446183503 10.966442010124883
4.63	-24.958346715838832 0.9308648017337973	-23.496220437020064 10.97046716862858
4.64	-24.97469604228918 0.930864712301983	-23.512569613205983 10.974483643273725
4.65	-24.991015669610952 0.9308646234083522	-23.528889091247393 10.978491471449555
4.66	-25.00730571367834 0.9308645350485105	-23.54517898691601 10.982490690304365
4.67	-25.023566289595806 0.9308644472181098	-23.561439415261127 10.986481336743065
4.68	-25.039797511712035 0.930864359912846	-23.57767049074416 10.990463447436747
4.69	-25.0559994937992 0.9308642731284598	-23.59387232713419 10.9944370588262
4.7	-25.072172348936846 0.930864186860732	-23.610045037452583 10.998402207108946
4.71	-25.088316189480164 0.9308641011054903	-23.62618873400137 11.002358928260636
4.72	-25.10443112717436 0.9308640158586061	-23.642303528624236 11.006307258023613
4.73	-25.1205172731135 0.930863931115986	-23.65838953232491 11.010247231919186
4.74	-25.13657473756246 0.930863846873586	-23.67444685543979 11.014178885230352
4.75	-25.15260363041494 0.9308637631273966	-23.690475607805215 11.018102253036218
4.76	-25.16860406072967 0.9308636798734481	-23.706475898446556 11.022017370176918
4.77	-25.184576137024976 0.9308635971078157	-23.72244783589017 11.025924271282081
4.78	-25.200519967006183 0.9308635148266134	-23.738391527864 11.029822990760856
4.79	-25.216435658006354 0.9308634330259895	-23.754307081684043 11.033713562811045
4.8	-25.232323316524994 0.9308633517021363	-23.77019460380814 11.037596021410684
4.81	-25.248183048518793 0.9308632708512766	-23.786054200286934 11.041470400332956
4.82	-25.264014959398484 0.9308631904696789	-23.80188597637609 11.045336733133372
4.83	-25.27981915372723 0.9308631105536446	-23.817690036815318 11.049195053158837
4.84	-25.29559573581193 0.9308630310995116	-23.833466485702 11.053045393555129
4.85	-25.31134480913877 0.9308629521036546	-23.84921542661469 11.056887787262811
4.86	-25.327066476455137 0.9308628735624846	-23.864936962395184 11.060722267008842
4.87	-25.34276084032586 0.9308627954724462	-23.880631195404582 11.064548865332757
4.88	-25.35842800240246 0.9308627178300207	-23.896298227394876 11.068367614559504
4.89	-25.374068063791565 0.930862640631724	-23.911938159542302 11.072178546829862
4.9	-25.389681125173347 0.9308625638741017	-23.92755109237037 11.07598169407334
4.91	-25.405267286507858 0.9308624875537409	-23.943137125869143 11.079777088037025
4.92	-25.420826647154914 0.9308624116672574	-23.958696359544735 11.083564760267116
4.93	-25.43635930616959 0.9308623362112964	-23.97422889216728 11.087344742116239
4.94	-25.451865361721797 0.9308622611825431	-23.98973482215388 11.091117064749302
4.95	-25.46734491162128 0.93086218657771	-24.005214247207398 11.094881759147786
4.96	-25.482798053092694 0.930862112393541	-24.020667264543874 11.098638856091505
4.97	-25.49822488274639 0.9308620386268139	-24.036093970729862 11.102388386189801
4.98	-25.513625496701245 0.930861965274337	-24.05149446198558 11.106130379854807
4.99	-25.52899999055185 0.9308618923329487	-24.066868833823793 11.109864867329652
5.	-25.544348459364006 0.9308618197995167	-24.082217181339743 11.11359187865626
5.01	-25.559670997608865 0.930861747670937	-24.097539598926243 11.11731144371326
5.02	-25.574967699223457 0.9308616759441449	-24.112836180619546 11.121023592194973
5.03	-25.590238657745275 0.9308616046160911	-24.128107019916577 11.124728353619844
5.04	-25.605483966108284 0.930861533683766	-24.143352209681836 11.128425757327674
5.05	-25.620703716646233 0.9308614631441828	-24.158571842289643 11.132115832482429
5.06	-25.635898001372464 0.9308613929943834	-24.1737660098005 11.13579860807915
5.07	-25.65106691156103 0.9308613232314429	-24.188934803417933 11.139474112943924
5.08	-25.666210538282947 0.9308612538524559	-24.20407831418432 11.143142375721403
5.09	-25.68132897173347 0.9308611848545534	-24.219196632394354 11.146803424898284
5.1	-25.696422301998187 0.9308611162348829	-24.234289847972907 11.150457288789413
5.11	-25.71149061836136 0.9308610479906296	-24.249358050409143 11.154103995541874
5.12	-25.726534009785517 0.9308609801189945	-24.264401328460174 11.15774357313906
5.13	-25.74155256468698 0.9308609126172145	-24.279419770638608 11.161376049401923
5.14	-25.756546371013535 0.9308608454825466	-24.29441346484076 11.165001451983455
5.15	-25.771515516247867 0.9308607787122739	-24.309382498635436 11.168619808384916
5.16	-25.786460087337705 0.9308607123037029	-24.324326958910742 11.172231145939397
5.17	-25.801380170909663 0.9308606462541711	-24.339246932232804 11.175835491822586
5.18	-25.816275852893053 0.9308605805610363	-24.3541425045992 11.179432873054022
5.19	-25.831147218979787 0.9308605152216808	-24.369013761632043 11.183023316499582
5.2	-25.84599435423805 0.9308604502335087	-24.383860788456868 11.186606848865999
5.21	-25.860817343342948 0.9308603855939563	-24.398683669786717 11.190183496706068
5.22	-25.87561627056835 0.9308603213004752	-24.41348248972545 11.193753286422533
5.23	-25.890391219548928 0.9308602573505441	-24.428257332084183 11.197316244265217
5.24	-25.90514227375123 0.9308601937416652	-24.443008280190732 11.200872396332192
5.25	-25.919869515949152 0.9308601304713577	-24.45773541691722 11.204421768574917
5.26	-25.934573028637807 0.930860067537169	-24.47243882466609 11.207964386796736
5.27	-25.949252893745832 0.9308600049366708	-24.487118585422635 11.211500276648627
5.28	-25.963909192793395 0.930859942667456	-24.50177478075662 11.215029463639697
5.29	-25.97854200705509 0.9308598807271279	-24.51640749174063 11.218551973138227
5.3	-25.99315141708344 0.9308598191133279	-24.531016799094935 11.222067830363486
5.31	-26.007737503219314 0.9308597578237094	-24.54560278313064 11.225577060390824
5.32	-26.022300345240517 0.9308596968559506	-24.560165523610436 11.229079688158018
5.33	-26.036840022692967 0.9308596362077428	-24.574705099953647 11.232575738463659
5.34	-26.051356614420232 0.9308595758768137	-24.589221591233287 11.236065235961657
5.35	-26.065850199083105 0.9308595158608977	-24.60371507601619 11.239548205166265
5.36	-26.080320854921514 0.9308594561577496	-24.618185632438543 11.243024670467456
5.37	-26.0947686596728 0.9308593967651522	-24.632633338301492 11.246494656100563
5.38	-26.109193690669127 0.9308593376809037	-24.647058270952474 11.24995818618131
5.39	-26.123596024910423 0.930859278902824	-24.661460507359767 11.253415284680655
5.4	-26.137975738948633 0.930859220428746	-24.67584012408281 11.256865975442773
5.41	-26.15233290899706 0.9308591622565295	-24.69019719730744 11.260310282173023
5.42	-26.166667610738912 0.9308591043840523	-24.70453180278897 11.263748228453192
5.43	-26.180979919643175 0.930859046809205	-24.718844015904324 11.267179837728223
5.44	-26.195269910628713 0.9308589895299038	-24.73313391165077 11.270605133320085
5.45	-26.209537658366283 0.9308589325440765	-24.747401564608733 11.274024138411997
5.46	-26.223783237064758 0.9308588758496759	-24.76164704903828 11.27743687607121
5.47	-26.238006720574123 0.9308588194446673	-24.775870438758492 11.280843369233253
5.48	-26.252208182342066 0.9308587633270364	-24.790071807208015 11.28424364070287
5.49	-26.266387695458878 0.9308587074947874	-24.804251227531804 11.287637713169003
5.5	-26.280545332663543 0.9308586519459398	-24.81840877237064 11.291025609194202
5.51	-26.29468116624728 0.9308585966785324	-24.832544514139 11.294407351211696
5.52	-26.30879526825938 0.9308585416906192	-24.846658524761544 11.29778296154412
5.53	-26.32288771027342 0.9308584869802697	-24.860750875892993 11.301152462381511
5.54	-26.336958563549825 0.9308584325455749	-24.87482163875942 11.30451587580122
5.55	-26.35100789904293 0.9308583783846363	-24.888870884223046 11.307873223758628
5.56	-26.36503578714625 0.9308583244955768	-24.90289868288549 11.311224528088056
5.57	-26.37904229818165 0.9308582708765344	-24.916905104836783 11.314569810509889
5.58	-26.39302750185371 0.9308582175256644	-24.930890219975147 11.317909092628877
5.59	-26.406991467760157 0.93085816444113	-24.944854097738926 11.321242395927486
5.6	-26.420934264898648 0.9308581116211204	-24.95879680722229 11.324569741777992
5.61	-26.434855962180073 0.9308580590638339	-24.97271841722004 11.32789115143704
5.62	-26.44875662796306 0.9308580067674859	-24.986618996230717 11.331206646047702
5.63	-26.462636330330294 0.9308579547303084	-25.00049861226587 11.334516246641549
5.64	-26.476495137111293 0.9308579029505479	-25.014357333110507 11.337819974134462
5.65	-26.490333115663525 0.9308578514264656	-25.02819522618188 11.341117849336122
5.66	-26.504150333060064 0.9308578001563335	-25.042012358554313 11.344409892939645
5.67	-26.517946856138263 0.9308577491384438	-25.05580879701581 11.34769612553844
5.68	-26.53172275125591 0.9308576983711032	-25.069584607966362 11.350976567604729
5.69	-26.545478084570348 0.9308576478526279	-25.08333985746622 11.354251239512571
5.7	-26.559212921735014 0.9308575975813508	-25.0970746113179 11.357520161520082
5.71	-26.572927328360187 0.9308575475556197	-25.110788934988168 11.360783353791138
5.72	-26.586621369407347 0.930857497773796	-25.12448289356373 11.364040836369073
5.73	-26.600295109784987 0.9308574482342558	-25.13815655185041 11.367292629204407
5.74	-26.613948614014486 0.9308573989353826	-25.15180997439445 11.370538752139668
5.75	-26.627581946195143 0.9308573498755814	-25.16544322528687 11.373779224905231
5.76	-26.641195170191722 0.9308573010532677	-25.179056368437728 11.377014067142001
5.77	-26.654788349652886 0.9308572524668641	-25.192649467407254 11.380243298381409
5.78	-26.668361547710923 0.9308572041148198	-25.20622258536828 11.38346693805342
5.79	-26.68191482735302 0.9308571559955842	-25.219775785321584 11.386685005488456
5.8	-26.695448251193795 0.9308571081076252	-25.233309129929133 11.389897519919282
5.81	-26.70896188162842 0.9308570604494222	-25.24682268140673 11.393104500474475
5.82	-26.722455780557453 0.9308570130194675	-25.26031650187341 11.396305966186304
5.83	-26.735930009841567 0.930856965816262	-25.273790652996535 11.399501935990251
5.84	-26.749384630871294 0.9308569188383299	-25.287245196281212 11.402692428720835
5.85	-26.762819704740224 0.9308568720841943	-25.300680192789017 11.405877463120717
5.86	-26.776235292356716 0.930856825552398	-25.31409570341677 11.409057057832936
5.87	-26.78963145424715 0.9308567792414939	-25.327491788710358 11.412231231409926
5.88	-26.803008250678626 0.9308567331500461	-25.340868508897945 11.41540000229751
5.89	-26.816365741610735 0.930856687276633	-25.35422592400744 11.418563388864126
5.9	-26.829703986818537 0.9308566416198407	-25.367564093655215 11.421721409371665
5.91	-26.84302304559643 0.9308565961782673	-25.380883077334328 11.424874081996371
5.92	-26.85632297715866 0.9308565509505262	-25.394182934071143 11.428021424818743
5.93	-26.869603840285517 0.9308565059352418	-25.407463722859294 11.431163455827758
5.94	-26.88286569361851 0.9308564611310407	-25.42072550213283 11.434300192926147
5.95	-26.896108595399962 0.930856416536569	-25.433968330200862 11.437431653919292
5.96	-26.909332603685858 0.9308563721504858	-25.447192265141123 11.4405578565252
5.97	-26.922537776155924 0.9308563279714551	-25.460397364671245 11.443678818379805
5.98	-26.935724170360626 0.9308562839981521	-25.473583686250784 11.446794557019969
5.99	-26.948891843490575 0.9308562402292637	-25.486751287053526 11.44990508990167
6.	-26.962040852439493 0.930856196663491	-25.49990022408598 11.453010434387696
6.01	-26.97517125394011 0.9308561532995371	-25.513030553957712 11.456110607762259
6.02	-26.98828310435688 0.9308561101361261	-25.526142333092206 11.45920562721175
6.03	-27.001376459806888 0.9308560671719812	-25.53923561763611 11.462295509853217
6.04	-27.014451376243635 0.9308560244058458	-25.55231046344485 11.465380272702413
6.05	-27.02750790923692 0.9308559818364662	-25.565366926208306 11.468459932699904
6.06	-27.040546114164897 0.9308559394626003	-25.57840506120907 11.471534506701172
6.07	-27.05356604614479 0.9308558972830188	-25.591424923617136 11.474604011474879
6.08	-27.066567760032306 0.9308558552964987	-25.60442656823913 11.477668463708008
6.09	-27.079551310401353 0.9308558135018296	-25.61741004970034 11.480727880012198
6.1	-27.09251675168583 0.930855771897806	-25.63037542232506 11.483782276903556
6.11	-27.10546413787569 0.9308557304832353	-25.643322740241697 11.48683167083076
6.12	-27.118393522884723 0.9308556892569352	-25.656252057284437 11.489876078156112
6.13	-27.131304960323654 0.9308556482177289	-25.669163427052137 11.492915515159442
6.14	-27.144198503516776 0.9308556073644537	-25.68205690290304 11.495949998041038
6.15	-27.157074205638242 0.9308555666959518	-25.694932537964092 11.498979542930012
6.16	-27.169932119435508 0.9308555262110776	-25.70779038511769 11.502004165867808
6.17	-27.18277229771092 0.9308554859086895	-25.72063049697251 11.505023882822348
6.18	-27.195594792770592 0.9308554457876593	-25.73345292590828 11.5080387096817
6.19	-27.208399656751237 0.9308554058468678	-25.74625772408732 11.511048662260265
6.2	-27.22118694159725 0.9308553660852028	-25.75904494347965 11.514053756289119
6.21	-27.233956699020283 0.9308553265015562	-25.771814635710637 11.51705400743114
6.22	-27.246708980425197 0.9308552870948399	-25.784566852195148 11.520049431271383
6.23	-27.259443837040127 0.9308552478639651	-25.797301644247554 11.523040043313028
6.24	-27.272161319891623 0.9308552088078518	-25.81001906279402 11.52602585899703
6.25	-27.284861479724146 0.930855169925429	-25.822719158628164 11.529006893680078
6.26	-27.297544367013057 0.9308551312156411	-25.835401982209273 11.531983162648563
6.27	-27.310210032125887 0.930855092677427	-25.84806758392138 11.534954681115693
6.28	-27.322858525104373 0.930855054309749	-25.860716013793525 11.537921464224151
6.29	-27.33548989589134 0.9308550161115602	-25.87334732171046 11.540883527036591
6.3	-27.34810419398564 0.9308549780818401	-25.8859615572987 11.543840884556085
6.31	-27.360701468919878 0.9308549402195612	-25.898558769892826 11.54679355170323
6.32	-27.373281769773683 0.9308549025237145	-25.911139008807474 11.549741543333278
6.33	-27.385845145623406 0.9308548649932891	-25.92370232296121 11.552684874232142
6.34	-27.39839164519408 0.9308548276272856	-25.936248761082364 11.555623559107985
6.35	-27.410921317047006 0.9308547904247166	-25.948778371765165 11.558557612610457
6.36	-27.423434209402256 0.9308547533845979	-25.9612912033032 11.561487049311244
6.37	-27.43593037051563 0.9308547165059534	-25.973787303793515 11.564411883718849
6.38	-27.448409848214 0.9308546797878102	-25.986266721162895 11.56733213026912
6.39	-27.460872690203793 0.9308546432292106	-25.998729503069367 11.570247803335558
6.4	-27.47331894398188 0.9308546068291985	-26.011175697049037 11.573158917216581
6.41	-27.485748656748413 0.9308545705868293	-26.023605350323653 11.576065486150187
6.42	-27.498161875670295 0.930854534501159	-26.036018509995436 11.578967524307794
6.43	-27.510558647570964 0.9308544985712587	-26.048415222866016 11.58186504578812
6.44	-27.52293901904017 0.9308544627962001	-26.060795535672963 11.584758064631774
6.45	-27.535303036656767 0.9308544271750611	-26.073159494786193 11.587646594808579
6.46	-27.547650746594133 0.9308543917069342	-26.08550714648992 11.590530650227779
6.47	-27.559982194881417 0.9308543563909115	-26.09783853686281 11.59341024472864
6.48	-27.57229742742043 0.930854321226093	-26.11015371168644 11.596285392093904
6.49	-27.584596489847222 0.9308542862115886	-26.122452716664956 11.599156106033927
6.5	-27.596879427615576 0.9308542513465088	-26.134735597258363 11.602022400202173
6.51	-27.60914628596146 0.9308542166299782	-26.147002398648723 11.60488428818809
6.52	-27.62139710997089 0.9308541820611247	-26.159253165977937 11.607741783514257
6.53	-27.633631944502525 0.9308541476390787	-26.17148794410334 11.6105948996475
6.54	-27.64585083425535 0.9308541133629825	-26.183706777614596 11.613443649988554
6.55	-27.65805382367982 0.930854079231981	-26.19590971109918 11.616288047876736
6.56	-27.67024095706791 0.930854045245228	-26.208096788826396 11.619128106592454
6.57	-27.682412278540166 0.9308540114018828	-26.220268054826015 11.621963839353281
6.58	-27.69456783202858 0.9308539777011093	-26.232423553129102 11.624795259319697
6.59	-27.706707661245776 0.9308539441420788	-26.244563327337612 11.627622379587962
6.6	-27.71883180971609 0.930853910723968	-26.256687421077917 11.630445213196907
6.61	-27.73094032079671 0.9308538774459594	-26.26879587765932 11.633263773126117
6.62	-27.74303323771031 0.930853844307243	-26.280888740289676 11.636078072298442
6.63	-27.7551106033495 0.9308538113070164	-26.292966051912376 11.638888123574015
6.64	-27.76717246062345 0.9308537784444743	-26.30502785537531 11.641693939757944
6.65	-27.779218852128263 0.9308537457188268	-26.317074193320952 11.64449553359546
6.66	-27.791249820269655 0.9308537131292861	-26.329105108102397 11.647292917776419
6.67	-27.803265407318705 0.9308536806750711	-26.34112064208213 11.650086104930425
6.68	-27.815265655412535 0.9308536483554031	-26.35312083729121 11.652875107635577
6.69	-27.827250606415806 0.9308536161695111	-26.36510573564579 11.655659938408258
6.7	-27.839220302115777 0.9308535841166297	-26.377075378894407 11.658440609710896
6.71	-27.85117478401388 0.9308535521960013	-26.389029808616897 11.661217133952238
6.72	-27.86311409352234 0.9308535204068704	-26.400969066155493 11.663989523480364
6.73	-27.875038271889608 0.9308534887484872	-26.412893192775368 11.666757790594538
6.74	-27.886947360144145 0.9308534572201057	-26.424802229449053 11.669521947531974
6.75	-27.89884139908969 0.9308534258209927	-26.43669621706338 11.672282006481664
6.76	-27.910720429494738 0.9308533945504106	-26.448575196385832 11.675037979578475
6.77	-27.922584491873653 0.9308533634076329	-26.460439207894456 11.6777898788983
6.78	-27.934433626620184 0.9308533323919366	-26.47228829193872 11.68053771646977
6.79	-27.94626787387821 0.9308533015026048	-26.484122488740084 11.6832815042621
6.8	-27.958087273692612 0.9308532707389235	-26.495941838322747 11.68602125419788
6.81	-27.96989186596946 0.9308532401001863	-26.50774638058361 11.688756978141997
6.82	-27.981681690337375 0.93085320958569	-26.519536155108213 11.691488687906066
6.83	-27.993456786427796 0.9308531791947358	-26.531311201582593 11.694216395261085
6.84	-28.005217193506503 0.9308531489266323	-26.54307155929298 11.696940111909994
6.85	-28.016962950897792 0.9308531187806903	-26.554817267433865 11.699659849515688
6.86	-28.028694097557462 0.9308530887562282	-26.566548365128845 11.702375619689018
6.87	-28.040410672406225 0.9308530588525671	-26.578264891199545 11.70508743398497
6.88	-28.052112714223853 0.9308530290690339	-26.58996688442701 11.707795303912219
6.89	-28.063800261554558 0.9308529994049572	-26.601654383363748 11.71049924093029
6.9	-28.075473352800657 0.9308529698596744	-26.613327426413235 11.713199256442765
6.91	-28.08713202621724 0.9308529404325251	-26.624986051850925 11.715895361809748
6.92	-28.09877631996857 0.9308529111228562	-26.63663029781388 11.718587568342103
6.93	-28.110406271901347 0.9308528819300182	-26.648260202180246 11.721275887296594
6.94	-28.12202191991865 0.9308528528533597	-26.659875802790665 11.723960329884346
6.95	-28.133623301612975 0.9308528238922431	-26.67147713732551 11.726640907269065
6.96	-28.14521045449424 0.9308527950460318	-26.683064243197112 11.7293176305663
6.97	-28.156783415908862 0.9308527663140893	-26.694637157753238 11.731990510841703
6.98	-28.16834222299458 0.9308527376957929	-26.70619591823623 11.73465955911436
6.99	-28.179886912856826 0.9308527091905149	-26.717740561674333 11.737324786358023
7.	-28.191417522339822 0.930852680797633	-26.72927112494399 11.739986203491375
7.01	-28.202934088207833 0.9308526525165364	-26.740787644759635 11.742643821400334
7.02	-28.214436647048856 0.9308526243466121	-26.75229015774643 11.745297650907306
7.03	-28.225925235355135 0.9308525962872514	-26.76377870035002 11.747947702805417
7.04	-28.23739988936372 0.9308525683378539	-26.77525330892207 11.750593987831818
7.05	-28.248860645279237 0.9308525404978192	-26.786714019506267 11.753236516677934
7.06	-28.26030753909751 0.9308525127665528	-26.798160868208978 11.755875299991725
7.07	-28.271740606662213 0.9308524851434644	-26.809593890887825 11.758510348376918
7.08	-28.283159883795193 0.9308524576279673	-26.82101312323119 11.761141672391298
7.09	-28.294565405977508 0.9308524302194785	-26.832418600847074 11.763769282548939
7.1	-28.30595720871637 0.9308524029174188	-26.843810359205264 11.766393189315496
7.11	-28.317335327276965 0.9308523757212133	-26.85518843355833 11.769013403118356
7.12	-28.328699796862754 0.9308523486302899	-26.866552859118816 11.771629934336028
7.13	-28.340050652500917 0.930852321644082	-26.877903670875853 11.774242793307241
7.14	-28.35138792907957 0.9308522947620298	-26.889240903763977 11.776851990323353
7.15	-28.36271166130546 0.93085226798357	-26.900564592521413 11.779457535634439
7.16	-28.37402188385256 0.9308522413081446	-26.911874771701015 11.782059439450563
7.17	-28.38531863115712 0.930852214735208	-26.923171475881087 11.784657711932192
7.18	-28.39660193760044 0.9308521882642085	-26.93445473930933 11.787252363203164
7.19	-28.407871837346377 0.9308521618945998	-26.945724596253267 11.789843403344063
7.2	-28.419128364530287 0.9308521356258407	-26.956981080777418 11.792430842388605
7.21	-28.430371553039635 0.9308521094573984	-26.96822422681618 11.795014690335497
7.22	-28.44160143670449 0.9308520833887338	-26.97945406818434 11.797594957140943
7.23	-28.452818049195145 0.9308520574193194	-26.990670638560076 11.80017165271492
7.24	-28.46402142411856 0.9308520315486263	-27.00187397150717 11.802744786929251
7.25	-28.47521159480642 0.9308520057761329	-27.013064100381744 11.805314369614864
7.26	-28.48638859461646 0.9308519801013195	-27.02424105854184 11.807880410564941
7.27	-28.49755245667413 0.9308519545236673	-27.03540487909778 11.810442919524508
7.28	-28.508703213988394 0.9308519290426658	-27.046555595129043 11.813001906208042
7.29	-28.519840899494525 0.9308519036578069	-27.057693239490344 11.81555738028136
7.3	-28.530965546009348 0.9308518783685771	-27.068817844984473 11.81810935137629
7.31	-28.542077186088278 0.93085185317448	-27.07992944424391 11.820657829082228
7.32	-28.553175852275448 0.9308518280750169	-27.0910280697966 11.823202822952117
7.33	-28.564261577073893 0.9308518030696844	-27.102113754069485 11.825744342495012
7.34	-28.57533439266173 0.930851778157994	-27.113186529307836 11.828282397184866
7.35	-28.58639433120048 0.9308517533394579	-27.124246427651563 11.830816996457914
7.36	-28.597441424737283 0.9308517286135866	-27.13529348117752 11.833348149708083
7.37	-28.608475705199577 0.930851703979895	-27.14632772171941 11.835875866292954
7.38	-28.619497204333282 0.9308516794379046	-27.157349181150746 11.838400155533924
7.39	-28.63050595382589 0.9308516549871397	-27.16835789105115 11.840921026709799
7.4	-28.641501985181918 0.9308516306271244	-27.179353883003145 11.843438489066472
7.41	-28.65248532989759 0.9308516063573862	-27.190337188437994 11.845952551811436
7.42	-28.663456019205274 0.9308515821774603	-27.20130783863943 11.84846322410926
7.43	-28.674414084343358 0.9308515580868796	-27.212265864796144 11.850970515097869
7.44	-28.68535955633979 0.9308515340851831	-27.223211297991988 11.85347443386984
7.45	-28.696292466147522 0.9308515101719104	-27.23414416914727 11.855974989483935
7.46	-28.7072128446299 0.9308514863466064	-27.245064509116286 11.85847219096245
7.47	-28.718120722513234 0.9308514626088173	-27.25597234861074 11.860966047293324
7.48	-28.729016130328663 0.9308514389580941	-27.26686771822489 11.863456567424661
7.49	-28.739899098615968 0.9308514153939883	-27.277750648449107 11.86594376026963
7.5	-28.75076965776653 0.930851391916058	-27.288621169661234 11.868427634707615
7.51	-28.761627837988872 0.9308513685238583	-27.299479312100896 11.870908199584361
7.52	-28.77247366946397 0.9308513452169493	-27.31032510594295 11.873385463703785
7.53	-28.783307182197724 0.930851321994901	-27.321158581200013 11.87585943584028
7.54	-28.79412840614328 0.9308512988572738	-27.33197976775604 11.87833012472867
7.55	-28.804937371051242 0.9308512758036419	-27.34278869545666 11.880797539075537
7.56	-28.815734106668828 0.9308512528335751	-27.35358539402988 11.883261687547341
7.57	-28.82651864258995 0.9308512299466482	-27.364369893006128 11.885722578778935
7.58	-28.837291008240445 0.9308512071424436	-27.375142221859733 11.88818022136822
7.59	-28.848051233051297 0.9308511844205345	-27.38590241001556 11.8906346238837
7.6	-28.85879934619981 0.930851161780509	-27.39665048666787 11.89308579485359
7.61	-28.869535376914495 0.9308511392219503	-27.407386481013237 11.895533742778882
7.62	-28.880259354216506 0.9308511167444486	-27.418110422042023 11.897978476126196
7.63	-28.890971306988728 0.930851094347592	-27.4288223387321 11.900420003320551
7.64	-28.901671264134926 0.9308510720309745	-27.439522259919663 11.9028583327658
7.65	-28.912359254362766 0.9308510497941971	-27.450210214288028 11.905293472826392
7.66	-28.92303530621944 0.9308510276368526	-27.460886230470816 11.907725431834011
7.67	-28.933699448327207 0.9308510055585416	-27.471550336993793 11.910154218088648
7.68	-28.944351708998163 0.9308509835588753	-27.482202562239724 11.912579839856923
7.69	-28.954992116570068 0.9308509616374513	-27.492842934510264 11.915002305375939
7.7	-28.96562069924693 0.9308509397938818	-27.50347148201983 11.91742162284886
7.71	-28.97623748514423 0.9308509180277763	-27.51408823284708 11.919837800445077
7.72	-28.98684250220598 0.9308508963387525	-27.524693215055287 11.922250846304967
7.73	-28.997435778366697 0.9308508747264204	-27.535286456414276 11.924660768538176
7.74	-29.008017341385074 0.9308508531904007	-27.545867984780205 11.927067575217498
7.75	-29.01858721899208 0.9308508317303164	-27.556437827884302 11.92947127438984
7.76	-29.029145438738595 0.930850810345784	-27.56699601325255 11.931871874071016
7.77	-29.039692028151293 0.9308507890364343	-27.577542568360688 11.934269382241345
7.78	-29.05022701457164 0.9308507678018931	-27.588077520648874 11.936663806853971
7.79	-29.060750425283697 0.9308507466417917	-27.598600897378866 11.939055155831367
7.8	-29.071262287569784 0.9308507255557595	-27.609112725750826 11.941443437061954
7.81	-29.08176262843811 0.930850704543432	-27.619613032852403 11.943828658410984
7.82	-29.09225147492405 0.9308506836044445	-27.630101845672804 11.946210827704583
7.83	-29.102728853883463 0.9308506627384407	-27.640579191138922 11.948589952745996
7.84	-29.113194792158712 0.930850641945057	-27.65104509601399 11.950966041304168
7.85	-29.12364931645657 0.9308506212239382	-27.661499587032896 11.953339101122761
7.86	-29.134092453375587 0.9308506005747279	-27.671942690793724 11.955709139909633
7.87	-29.14452422940933 0.9308505799970783	-27.682374433789608 11.958076165349487
7.88	-29.154944670991306 0.930850559490636	-27.692794842490844 11.960440185093296
7.89	-29.165353804481867 0.930850539055053	-27.703203943170287 11.962801206765585
7.9	-29.175751656074663 0.9308505186899813	-27.713601762100176 11.965159237961918
7.91	-29.186138251907256 0.9308504983950836	-27.72398832538472 11.967514286247248
7.92	-29.196513618033038 0.9308504781700121	-27.734363659084867 11.969866359158761
7.93	-29.20687778043659 0.9308504580144268	-27.744727789147692 11.972215464205089
7.94	-29.217230764975106 0.9308504379279923	-27.75508074146701 11.974561608865617
7.95	-29.22757259731543 0.9308504179103759	-27.765422541760255 11.976904800593223
7.96	-29.237903303277214 0.9308503979612397	-27.775753215748008 11.979245046811833
7.97	-29.248222908362987 0.9308503780802527	-27.78607278897292 11.981582354918265
7.98	-29.258531438098476 0.9308503582670878	-27.796381286946204 11.983916732279773
7.99	-29.26882891785888 0.9308503385214149	-27.80667873510752 11.986248186235047
8.	-29.279115373006135 0.9308503188429095	-27.81696515873247 11.988576724100488
8.01	-29.289390828756126 0.930850299231246	-27.82724058307334 11.990902353158102
8.02	-29.299655310214337 0.9308502796861061	-27.837505033270943 11.993225080668742
8.03	-29.309908842478333 0.9308502602071678	-27.84775853433952 11.995544913862622
8.04	-29.320151450473237 0.9308502407941165	-27.85800111127354 11.997861859943843
8.05	-29.330383159097792 0.9308502214466307	-27.86823278895388 12.000175926089643
8.06	-29.340603993136725 0.9308502021643985	-27.8784535921388 12.00248711945053
8.07	-29.35081397728996 0.93085018294711	-27.8886635455825 12.004795447148672
8.08	-29.361013136205056 0.9308501637944514	-27.898862673832355 12.007100916284104
8.09	-29.371201494339818 0.9308501447061192	-27.909051001480126 12.009403533927077
8.1	-29.381379076195778 0.930850125681802	-27.919228552932516 12.011703307122493
8.11	-29.39154590613232 0.9308501067211957	-27.929395352552007 12.014000242888313
8.12	-29.401702008416475 0.930850087823998	-27.939551424644986 12.016294348219143
8.13	-29.411847407243233 0.9308500689899086	-27.949696793378433 12.018585630079466
8.14	-29.421982126710887 0.9308500502186274	-27.959831482857123 12.020874095414946
8.15	-29.432106190816377 0.9308500315098557	-27.96995551711366 12.02315975113536
8.16	-29.44221962358266 0.9308500128632973	-27.980068920082214 12.025442604136243
8.17	-29.452322448780148 0.9308499942786611	-27.990171715628026 12.027722661280055
8.18	-29.46241469023691 0.9308499757556513	-28.00026392751788 12.029999929407511
8.19	-29.472496371624526 0.9308499572939773	-28.010345579441022 12.032274415333394
8.2	-29.482567516562316 0.9308499388933544	-28.02041669503515 12.034546125847545
8.21	-29.492628148608063 0.9308499205534899	-28.030477297817562 12.036815067714128
8.22	-29.502678291185095 0.9308499022740987	-28.04052741123084 12.039081247673455
8.23	-29.51271796765274 0.930849884054903	-28.050567058670474 12.041344672443792
8.24	-29.522747201359973 0.9308498658956119	-28.060596263405188 12.043605348713008
8.25	-29.532766015427548 0.930849847795949	-28.070615048658134 12.045863283150569
8.26	-29.542774433070218 0.9308498297556372	-28.0806234375452 12.048118482397461
8.27	-29.55277247731773 0.9308498117743937	-28.09062145311708 12.050370953072266
8.28	-29.56276017110963 0.9308497938519475	-28.100609118394964 12.052620701771236
8.29	-29.572737537397757 0.9308497759880227	-28.110586456212 12.05486773506342
8.3	-29.582704598953946 0.9308497581823469	-28.12055348944355 12.05711205949659
8.31	-29.59266137855456 0.930849740434646	-28.130510240792965 12.059353681593182
8.32	-29.602607898846497 0.9308497227446549	-28.140456732920388 12.061592607854648
8.33	-29.612544182418567 0.9308497051121069	-28.15039298843193 12.063828844755648
8.34	-29.622470251773137 0.9308496875367287	-28.16031902983293 12.066062398749194
8.35	-29.63238612939606 0.9308496700182607	-28.170234879597974 12.068293276265967
8.36	-29.64229183760442 0.9308496525564369	-28.18014056001787 12.070521483712698
8.37	-29.652187398676126 0.9308496351509984	-28.190036093384457 12.072747027472323
8.38	-29.662072834802434 0.9308496178016838	-28.19992150197637 12.074969913906584
8.39	-29.671948168205965 0.930849600508235	-28.209796807878845 12.077190149354436
8.4	-29.68181342085719 0.93084958327039	-28.219662033119693 12.079407740128879
8.41	-29.69166861477784 0.9308495660878979	-28.22951719976029 12.081622692523705
8.42	-29.701513771880975 0.9308495489605036	-28.2393623296442 12.083835012811084
8.43	-29.711348913993028 0.9308495318879546	-28.24919744465993 12.086044707236717
8.44	-29.7211740629057 0.9308495148699971	-28.25902256655644 12.088251782029067
8.45	-29.73098924030397 0.930849497906383	-28.268837717010957 12.090456243391142
8.46	-29.740794467789787 0.9308494809968612	-28.278642917669043 12.092658097504792
8.47	-29.7505897669593 0.9308494641411862	-28.288438190069396 12.094857350527464
8.48	-29.760375159224587 0.9308494473391138	-28.29822355569733 12.097054008600589
8.49	-29.77015066603543 0.9308494305903972	-28.3079990359379 12.099248077839778
8.5	-29.779916308752323 0.9308494138947931	-28.317764652162857 12.101439564338186
8.51	-29.789672108568716 0.9308493972520611	-28.327520425600724 12.103628474172455
8.52	-29.79941808674682 0.9308493806619611	-28.337266377473895 12.105814813391211
8.53	-29.809154264348834 0.9308493641242537	-28.347002528870544 12.10799858802592
8.54	-29.81888066248792 0.9308493476387014	-28.356728900901864 12.110179804088476
8.55	-29.82859730214532 0.9308493312050669	-28.36644551448328 12.112358467563121
8.56	-29.83830420417923 0.9308493148231167	-28.376152390602005 12.114534584420472
8.57	-29.84800138948706 0.9308492984926156	-28.385849550050388 12.116708160604523
8.58	-29.857688878867215 0.9308492822133336	-28.395537013634822 12.118879202043356
8.59	-29.867366692970048 0.9308492659850374	-28.405214802077847 12.121047714640254
8.6	-29.87703485247749 0.9308492498074995	-28.41488293597963 12.123213704279568
8.61	-29.886693377954863 0.9308492336804872	-28.424541435929687 12.12537717682591
8.62	-29.896342289906002 0.9308492176037797	-28.4341903224307 12.127538138122649
8.63	-29.905981608757923 0.9308492015771468	-28.443829615979165 12.129696593992048
8.64	-29.915611354930082 0.9308491856003647	-28.453459336865293 12.131852550236948
8.65	-29.925231548700108 0.9308491696732096	-28.46307950546612 12.134006012640032
8.66	-29.934842210300634 0.9308491537954604	-28.47269014196942 12.136156986966391
8.67	-29.94444335991619 0.9308491379668955	-28.48229126658531 12.138305478954681
8.68	-29.95403501767863 0.9308491221872943	-28.491882899400178 12.140451494329358
8.69	-29.963617203621407 0.9308491064564397	-28.501465060494787 12.142595038796733
8.7	-29.97318993772431 0.9308490907741146	-28.511037769807537 12.14473611803536
8.71	-29.98275323985259 0.9308490751401046	-28.52060104727663 12.146874737709863
8.72	-29.992307129929284 0.9308490595541906	-28.530154912753197 12.14901090346858
8.73	-30.001851627695928 0.9308490440161618	-28.539699385973798 12.151144620930797
8.74	-30.01138675288728 0.9308490285258043	-28.549234486767396 12.153275895706914
8.75	-30.02091252517918 0.9308490130829083	-28.558760234684645 12.155404733379296
8.76	-30.030428964163395 0.9308489976872631	-28.568276649383478 12.15753113951836
8.77	-30.039936089333498 0.9308489823386585	-28.5777837503508 12.159655119670678
8.78	-30.0494339202058 0.9308489670368884	-28.587281557113023 12.16177667936704
8.79	-30.058922476192517 0.9308489517817433	-28.5967700890406 12.163895824113775
8.8	-30.068401776605437 0.93084893657302	-28.606249365477773 12.16601255940719
8.81	-30.077871840720775 0.9308489214105153	-28.615719405730626 12.168126890716907
8.82	-30.08733268779752 0.930848906294022	-28.625180228980838 12.170238823499504
8.83	-30.09678433695859 0.930848891223342	-28.634631854418572 12.172348363188242
8.84	-30.106226807349838 0.9308488761982697	-28.64407430114809 12.174455515201103
8.85	-30.115660117972975 0.9308488612186087	-28.653507588193868 12.176560284939276
8.86	-30.125084287805596 0.9308488462841596	-28.662931734541132 12.178662677778549
8.87	-30.134499335786217 0.9308488313947214	-28.672346759070486 12.180762699085973
8.88	-30.143905280773474 0.9308488165501007	-28.681752680689275 12.18286035420259
8.89	-30.15330214150396 0.9308488017501004	-28.691149518176353 12.184955648455334
8.9	-30.16268993678781 0.9308487869945272	-28.700537290250196 12.187048587153182
8.91	-30.172068685296185 0.930848772283184	-28.70991601564623 12.189139175586424
8.92	-30.181438405604315 0.930848757615882	-28.719285712901776 12.19122741902679
8.93	-30.19079911630717 0.9308487429924277	-28.728646400629557 12.19331332272905
8.94	-30.200150835918294 0.9308487284126294	-28.737998097313113 12.195396891930335
8.95	-30.2094935828373 0.9308487138763019	-28.747340821418394 12.197478131851017
8.96	-30.21882737549419 0.9308486993832512	-28.7566745912922 12.199557047691613
8.97	-30.22815223214316 0.9308486849332963	-28.765999425295494 12.201633644639914
8.98	-30.237468171168086 0.930848670526244	-28.77531534168627 12.203707927859378
8.99	-30.246775210697365 0.9308486561619117	-28.78462235869323 12.205779902501655
9.	-30.256073368910684 0.930848641840117	-28.79392049441723 12.207849573700459
9.01	-30.265362663901264 0.9308486275606737	-28.803209767034428 12.209916946571589
9.02	-30.274643113716607 0.9308486133234	-28.812490194527566 12.211982026212297
9.03	-30.283914736347008 0.9308485991281141	-28.82176179489992 12.214044817705986
9.04	-30.29317754972505 0.930848584974636	-28.831024586076964 12.21610532611686
9.05	-30.30243157169031 0.9308485708627867	-28.84027858595132 12.218163556493838
9.06	-30.31167682010404 0.9308485567923862	-28.849523812309048 12.220219513867642
9.07	-30.32091331270706 0.930848542763259	-28.858760282932472 12.22227320325304
9.08	-30.33014106719589 0.9308485287752242	-28.867988015544064 12.224324629648269
9.09	-30.339360101251362 0.9308485148281075	-28.877207027774272 12.226373798035032
9.1	-30.34857043246562 0.9308485009217371	-28.886417337201244 12.228420713380178
9.11	-30.35777207835786 0.9308484870559367	-28.895618961415465 12.230465380629536
9.12	-30.366965056421495 0.9308484732305337	-28.904811917844796 12.232507804718841
9.13	-30.376149384136493 0.9308484594453554	-28.91399622398586 12.234547990562946
9.14	-30.385325078822333 0.9308484457002312	-28.923171897183266 12.236585943061398
9.15	-30.394492157847665 0.9308484319949903	-28.932338954786214 12.238621667099899
9.16	-30.403650638458796 0.9308484183294615	-28.94149741404081 12.240655167545905
9.17	-30.412800537894746 0.9308484047034801	-28.9506472921859 12.242686449252439
9.18	-30.42194187332024 0.9308483911168762	-28.959788606401915 12.244715517054356
9.19	-30.431074661850253 0.9308483775694842	-28.968921373757954 12.246742375774561
9.2	-30.44019892054505 0.9308483640611351	-28.978045611380267 12.248767030214866
9.21	-30.44931466642467 0.9308483505916679	-28.98716133620201 12.2507894851683
9.22	-30.458421916406316 0.9308483371609176	-28.996268565265503 12.252809745404681
9.23	-30.467520687464532 0.9308483237687187	-29.005367315390995 12.254827815682873
9.24	-30.47661099642056 0.9308483104149066	-29.014457603504244 12.25684370074855
9.25	-30.48569286004051 0.9308482970993287	-29.023539446384692 12.258857405325928
9.26	-30.49476629510448 0.9308482838218152	-29.03261286075539 12.260868934127707
9.27	-30.503831318336804 0.9308482705822101	-29.041677863351165 12.262878291851306
9.28	-30.512887946389892 0.9308482573803536	-29.050734470807587 12.264885483176707
9.29	-30.52193619582635 0.9308482442160871	-29.05978269975493 12.266890512771765
9.3	-30.530976083211986 0.9308482310892524	-29.068822566671397 12.268893385287026
9.31	-30.540007625027783 0.9308482179996967	-29.077854088125083 12.270894105358048
9.32	-30.54903083777764 0.9308482049472612	-29.08687728053167 12.272892677608437
9.33	-30.558045737800708 0.9308481919317871	-29.095892160316545 12.274889106642462
9.34	-30.567052341477524 0.9308481789531272	-29.10489874379545 12.276883397054059
9.35	-30.576050665095675 0.930848166011126	-29.113897047270765 12.27887555341719
9.36	-30.58504072491679 0.9308481531056257	-29.122887087015982 12.280865580296384
9.37	-30.594022537135665 0.9308481402364812	-29.131868879235316 12.282853482238563
9.38	-30.60299611792437 0.9308481274035391	-29.140842440054417 12.284839263776837
9.39	-30.611961483338572 0.9308481146066475	-29.149807785610008 12.286822929429832
9.4	-30.620918649478075 0.9308481018456574	-29.158764931936055 12.28880448370248
9.41	-30.629867632385402 0.9308480891204214	-29.167713895033312 12.290783931082395
9.42	-30.63880844793611 0.9308480764307907	-29.17665469090206 12.292761276047317
9.43	-30.647741112093335 0.9308480637766178	-29.18558733539752 12.294736523059264
9.44	-30.656665640703554 0.9308480511577579	-29.1945118444394 12.296709676562367
9.45	-30.665582049611757 0.9308480385740612	-29.203428233810982 12.298680740992554
9.46	-30.674490354556468 0.9308480260253869	-29.21233651927065 12.300649720765763
9.47	-30.68339057127514 0.9308480135115891	-29.22123671661259 12.302616620290602
9.48	-30.692282715447263 0.930848001032523	-29.23012884141406 12.304581443954298
9.49	-30.70116680267766 0.9308479885880498	-29.23901290937057 12.30654419613541
9.5	-30.710042848616855 0.930847976178019	-29.247888936062385 12.308504881197178
9.51	-30.718910868723174 0.9308479638022988	-29.256756936987433 12.310463503489773
9.52	-30.727770878527476 0.9308479514607431	-29.265616927683784 12.312420067347505
9.53	-30.73662289346322 0.9308479391532141	-29.274468923565504 12.31437457709318
9.54	-30.745466928957768 0.9308479268795694	-29.283312940045132 12.316327037036029
9.55	-30.75430300031882 0.9308479146396743	-29.292148992463254 12.318277451471012
9.56	-30.763131122907055 0.9308479024333911	-29.300977096147317 12.320225824677394
9.57	-30.77195131190756 0.9308478902605802	-29.30979726635108 12.32217216092541
9.58	-30.7807635826558 0.930847878121103	-29.318609518287637 12.324116464468997
9.59	-30.789567950220142 0.9308478660148292	-29.327413867142173 12.326058739549515
9.6	-30.798364429766124 0.9308478539416208	-29.336210328020854 12.327998990395042
9.61	-30.807153036372483 0.9308478419013433	-29.344998916044545 12.329937221220478
9.62	-30.815933785128248 0.9308478298938629	-29.35377964621032 12.331873436228275
9.63	-30.824706690942993 0.9308478179190505	-29.362552533561466 12.333807639605611
9.64	-30.83347176882348 0.9308478059767664	-29.371317593001347 12.335739835528825
9.65	-30.84222903368401 0.9308477940668827	-29.38007483945716 12.337670028161977
9.66	-30.85097850039084 0.9308477821892683	-29.388824287821187 12.33959822165183
9.67	-30.859720183719134 0.9308477703437938	-29.397565952871933 12.341524420135908
9.68	-30.8684540984927 0.9308477585303276	-29.40629984941503 12.343448627740356
9.69	-30.877180259408437 0.9308477467487415	-29.415025992187633 12.345370848573479
9.7	-30.88589868120991 0.9308477349989055	-29.423744395870933 12.347291086737345
9.71	-30.894609378511916 0.9308477232806948	-29.432455075086253 12.349209346314176
9.72	-30.90331236592222 0.9308477115939778	-29.44115804450738 12.351125631379288
9.73	-30.912007658014755 0.9308476999386327	-29.449853318653332 12.353039945992611
9.74	-30.92069526928236 0.930847688314532	-29.45854091202189 12.35495229420153
9.75	-30.929375214270006 0.9308476767215468	-29.46722083915207 12.356862680042402
9.76	-30.938047507354305 0.9308476651595553	-29.475893114439 12.358771107539193
9.77	-30.946712162965593 0.9308476536284348	-29.484557752307147 12.36067758070134
9.78	-30.95536919546534 0.9308476421280584	-29.49321476710989 12.36258210352884
9.79	-30.964018619108547 0.9308476306583071	-29.501864173128553 12.364484680007292
9.8	-30.97266044824198 0.9308476192190551	-29.510505984660394 12.366385314109358
9.81	-30.981294697063287 0.9308476078101793	-29.519140215933 12.368284009799847
9.82	-30.98992137974648 0.9308475964315663	-29.527766881160783 12.370180771027151
9.83	-30.99854051047891 0.9308475850830874	-29.53638599442405 12.372075601728335
9.84	-31.007152103332505 0.9308475737646273	-29.54499756990431 12.373968505829877
9.85	-31.015756172390788 0.9308475624760645	-29.553601621635007 12.375859487246977
9.86	-31.02435273168692 0.930847551217281	-29.562198163648468 12.377748549878685
9.87	-31.032941795223103 0.9308475399881583	-29.570787209943262 12.379635697617154
9.88	-31.041523376920516 0.930847528788578	-29.57936877444887 12.381520934339154
9.89	-31.050097490684568 0.9308475176184282	-29.587942871076265 12.383404263911842
9.9	-31.05866415042553 0.9308475064775854	-29.596509513720655 12.385285690189905
9.91	-31.06722336991093 0.9308474953659374	-29.605068716201032 12.387165217017099
9.92	-31.075775162981984 0.9308474842833677	-29.613620492275118 12.38904284822271
9.93	-31.084319543367936 0.9308474732297629	-29.62216485572279 12.390918587629368
9.94	-31.092856524762517 0.9308474622050076	-29.630701820243292 12.392792439043273
9.95	-31.10138612088743 0.9308474512089885	-29.63923139951099 12.39466440626121
9.96	-31.10990834532072 0.9308474402415922	-29.647753607173435 12.396534493069952
9.97	-31.118423211689745 0.930847429302707	-29.65626845680016 12.398402703243459
9.98	-31.126930733540508 0.9308474183922208	-29.66477596195392 12.40026904054295
9.99	-31.135430924408684 0.9308474075100204	-29.673276136184995 12.402133508719738
10.	-31.143923797778445 0.9308473966559968	-29.68176899294094 12.403996111515271