0.01	0.000015509887041978932 +1.7399659449129795E-9	 -13.4743422749371 +1.739965950726625E-9
0.02	0.0000207189956132357 -2.65035663405618E-9	 -0.30158824094784387 -2.6503566694781E-9
0.03	0.000012105108449186782 +1.5038485739551742E-9	3.252997190539623 +1.5038486191776586E-9
0.04	 -0.000013529689114109175 -1.080565784324793E-9	 -0.30159019197074916 -1.0805658420916846E-9
0.05	0.000013828340945144223 +1.907083040227012E-9	 -1.0693548574828218 +1.907083199527617E-9
0.06	7.311967373703333E-6 +5.647533846918022E-10	0.3256925225622922 +5.64753452622983E-10
0.07	 -2.622928212337717E-6 -7.291726879724891E-10	 -0.17539392186438574 -7.291728073532392E-10
0.08	5.841143569619412E-6 +4.761178674392436E-10	0.05126555066469349 +4.76117969252023E-10
0.09	1.4960997113441273E-6 +1.9952377602404377E-10	0.34118762912730405 +1.9952383002326872E-10
0.1	 -6.678036297313594E-6 -1.6667001168764551E-9	0.014560947330594402 -1.6667006737612144E-9
0.11	4.122477148653329E-6 +6.493180974897582E-10	 -0.09374457533904963 +6.493183600027244E-10
0.12	4.5361999936075235E-6 +1.6220990308890928E-9	0.18630578396643688 +1.6220998113438914E-9
0.13	 -8.557612109375103E-6 -1.582932029724621E-9	 -0.11914099540786714 -1.582932923558657E-9
0.14	1.5148819211727067E-6 +4.893773668204233E-9	0.04406198775814539 +4.8937768730555576E-9
0.15	3.4660014496997365E-6 +1.235195760819693E-9	0.06363386827212868 +1.235196689414536E-9
0.16	2.2737778795932103E-6 +3.10352535930068E-9	0.0071575482624637145 +3.103528013926066E-9
0.17	 -6.433603927133744E-7 +2.78975982695296E-10	 -0.0009028594813497858 +2.789762520798325E-10
0.18	 -7.464869348175987E-6 -1.9565870846363365E-10	0.021088537260425255 -1.956589202764435E-10
0.19	 -2.368984917632554E-6 -3.0181632358374157E-11	0.07895354975190957 -3.018166876311822E-11
0.2	5.05980321568805E-6 +1.4189279110624425E-9	 -0.1660879134238108 +1.4189298074557194E-9
0.21	 -1.6057938178501325E-6 -1.4174105566152474E-9	0.05869005388679911 -1.4174126451531737E-9
0.22	 -3.5903008652995695E-6 -1.5225808250583125E-9	 -0.03719436566123538 -1.5225832873180446E-9
0.23	 -1.251255244799015E-6 -1.5979094039419502E-9	0.045955284074413724 -1.5979122282756127E-9
0.24	 -1.5714589022974434E-6 +2.5039157154450577E-9	0.020769600124285463 +2.5039205343726528E-9
0.25	 -1.3976708893787198E-6 -7.663244800876419E-10	0.00011433483280353794 -7.663260803860152E-10
0.26	 -3.374345668463421E-6 -1.297923646343757E-9	0.04531781425666176 -1.297926577939787E-9
0.27	 -1.6306562723979436E-6 -9.87509604656326E-10	0.0015874598193771883 -9.87512010000235E-10
0.28	 -2.749935951576979E-6 -1.7192640834494938E-9	0.022113567755092666 -1.7192685871242133E-9
0.29	5.470340218599395E-6 +6.395082598466821E-10	 -0.03947068491491892 +6.395100568569468E-10
0.3	 -1.5458769663862565E-6 -6.42644491405754E-10	 -0.007738231347234832 -6.42646423915734E-10
0.31	 -1.2574561659911759E-6 +2.3448108454208664E-10	 -0.0004607041398390652 +2.3448183744623984E-10
0.32	3.92679223392844E-7 +2.2659386426153973E-9	0.014507923232776596 +2.2659463953807407E-9
0.33	2.776969646826425E-7 -4.607335219542548E-10	0.005117906035387157 -4.6073519838754103E-10
0.34	 -9.926671164403497E-7 +2.013401759308291E-9	 -0.007031331204571087 +2.0134095360363097E-9
0.35	1.3853384349136764E-6 -4.2972836284109365E-9	 -0.006852828412587751 -4.297301217315404E-9
0.36	 -1.2014226768997105E-6 +2.4989790118938386E-10	0.02367338646646578 +2.4989898331167713E-10
0.37	2.5281945305003454E-6 -4.4012726243588266E-10	0.0014630440548202201 -4.401292756524964E-10
0.38	 -7.368502679128142E-7 +5.422201976067374E-10	 -0.011034865886304916 +5.42222813690984E-10
0.39	1.9560553289044977E-6 +8.924847803784694E-10	0.02095759890697953 +8.924893160221605E-10
0.4	 -1.5424849580001507E-6 -1.5046812721835307E-9	 -0.0004896887257485913 -1.5046893162092943E-9
0.41	5.174927566629237E-7 -1.0649593573340242E-9	 -0.0029560152965857427 -1.0649653388292535E-9
0.42	 -1.7929965381384776E-6 -3.008934674771124E-9	0.013172456912102419 -3.0089524093309426E-9
0.43	5.300011667730831E-7 +3.6981785089248896E-10	 -0.02240936118989604 +3.698201356173997E-10
0.44	 -1.384808660565829E-6 +2.718792729243075E-10	 -0.014571868760978329 +2.718810316198028E-10
0.45	9.972581541138357E-7 +2.074718871668849E-9	 -0.01368440655383341 +2.074732909290982E-9
0.46	6.201193824777132E-7 +2.4652433672385617E-9	 -0.0010642263026465182 +2.4652607967330502E-9
0.47	 -1.5706545258143266E-6 -2.1781863765081616E-9	0.00029466648990179504 -2.178202453328178E-9
0.48	8.142671758917088E-7 -2.1065110675682784E-9	 -0.0010121701129272062 -2.106527284014471E-9
0.49	1.110473147247359E-6 +1.3776225634548791E-9	 -0.006483997434316877 +1.3776336152275493E-9
0.5	 -2.56417652937873E-7 -1.3851477613609715E-10	0.007821591881656365 -1.3851593316903056E-10
0.51	1.4149250723170956E-6 -6.180951000949216E-10	0.01861725158075358 -6.18100471715561E-10
0.52	 -2.3857129210429975E-7 +1.8148958996965487E-9	0.01105709320950365 +1.8149122968387244E-9
0.53	 -1.5380085024482334E-6 +1.204994621231352E-10	0.00437276394742454 +1.2050059308166216E-10
0.54	 -1.6137421562655583E-6 +7.945822328426555E-10	0.000056273415867525286 +7.945899745416041E-10
0.55	 -1.3861692156911818E-6 -1.3660416291637547E-9	 -0.0007279293445545018 -1.3660554361630242E-9
0.56	1.2928552471883584E-6 +6.22553149299271E-10	0.004284031515020893 +6.225596725272593E-10
0.57	 -1.3047720436268854E-6 -1.9342354945654825E-9	 -0.003963652493417335 -1.934256492143859E-9
0.58	5.2589851091195463E-8 -1.2895286511623842E-9	0.00003139855305928702 -1.2895431454614317E-9
0.59	 -2.5279789676241542E-6 -1.8251896334620025E-9	 -0.005416859781117064 -1.8252108621100112E-9
0.6	 -1.937446456765799E-7 -2.30672335009168E-9	 -0.0043940094763591465 -2.306751096605109E-9
0.61	 -1.1451594061824195E-6 -4.763482187247281E-9	 -0.004139257814263904 -4.7635414108344504E-9
0.62	1.097246744755601E-6 +3.1371209638371967E-9	 -0.0024830604864100087 +3.137161256431094E-9
0.63	 -5.108526242683755E-7 +6.575124303184398E-10	0.004261525685572459 +6.575211499019207E-10
0.64	1.1737523022003625E-6 -2.912748556013226E-9	 -0.003871596280114781 -2.912788419355555E-9
0.65	7.70479068726807E-7 +1.1354019504981851E-10	0.00409422368714887 +1.1354179787888082E-10
0.66	7.963718402421633E-7 +2.073295224056897E-9	0.00009008280420314602 +2.0733253999388814E-9
0.67	 -1.253665795241398E-6 -1.868740776634046E-9	0.0025176340511439705 -1.8687688057705277E-9
0.68	 -1.948198145227151E-6 +1.103952653802421E-9	 -0.0032031179942559143 +1.103969709890178E-9
0.69	 -9.996423007881579E-8 +3.2745875250865474E-10	0.0023260025788850404 +3.2746396164868965E-10
0.7	 -1.70263537524062E-6 -1.0548937882144444E-9	0.0029760529873436147 -1.0549110591619405E-9
0.71	1.2999977475079437E-6 +2.1698680956402642E-9	0.002061392366225913 +2.1699046434607356E-9
0.72	 -8.773030110112947E-7 +2.068804016640005E-10	0.006246234441172655 +2.068839850690271E-10
0.73	1.6773600411515535E-7 -4.187504080482012E-10	0.004415838201217176 -4.187578641636454E-10
0.74	 -3.8529894178888447E-7 +1.3884448253997554E-10	0.0008646976340929558 +1.3884702295008625E-10
0.75	 -1.2966046212012668E-6 -2.6145064791257453E-9	 -0.005314233217451605 -2.614555617877952E-9
0.76	 -7.26314874976163E-7 -1.4907526213918206E-9	 -0.00006382411664076328 -1.4907813917156866E-9
0.77	1.866689653221935E-7 +2.5678753394893255E-9	 -0.00471271890123043 +2.5679262101622313E-9
0.78	 -1.1465315210485912E-6 -4.329945936790285E-9	0.0016641249654467342 -4.3300339573016215E-9
0.79	1.307214874288918E-6 -1.3949675335047783E-9	 -0.0036330324758898345 -1.3949966226261966E-9
0.8	1.7818800407204197E-7 +4.2903876678212426E-10	 -0.004254883065780956 +4.290479414203222E-10
0.81	4.431973113443948E-7 -9.051317825759929E-10	 -0.0024944330970108103 -9.051516249854234E-10
0.82	 -8.813528103878019E-7 -2.1435035138834922E-9	 -0.00208583050446607 -2.143551671454855E-9
0.83	 -2.8795548385258167E-7 -4.806844503541247E-10	0.003026869858300811 -4.806955147842424E-10
0.84	6.822793173560731E-7 +6.787610419658314E-10	 -0.0006463281221105834 +6.787770444863599E-10
0.85	 -4.528114098329078E-7 -4.868079331111359E-10	 -0.001984573247179776 -4.868196850232296E-10
0.86	6.222124408463127E-7 +2.3298694967509664E-10	0.0033404466439921833 +2.3299270727732655E-10
0.87	 -1.9086749813578972E-7 -1.8868497433032176E-9	 -0.0007023989505512418 -1.886897462058601E-9
0.88	 -6.894569558560895E-7 +1.8081386476293585E-10	0.0016846587863197041 +1.8081854330443087E-10
0.89	 -5.287187666117124E-7 +1.5676963234475586E-10	0.002363568773316897 +1.5677378145996308E-10
0.9	 -3.7911581890276226E-7 +2.0246163726142855E-9	0.0034935685658181396 +2.024671167677729E-9
0.91	6.518187429146901E-7 +1.123763456539739E-10	 -0.000712780614846422 +1.1237945501744303E-10
0.92	8.556121881779458E-7 +2.4518770300372635E-9	0.0007886237830645212 +2.4519463707457142E-9
0.93	7.042580773696937E-7 +2.357125970271232E-9	 -0.005704645060478486 +2.357194088407801E-9
0.94	4.097079816481844E-7 +5.40051619470015E-11	0.00029268517864609205 +5.400675637600064E-11
0.95	 -9.438348663942869E-7 +3.649847866041065E-11	 -0.0009081251068260421 +3.6499579277659625E-11
0.96	4.2294398962507396E-7 -1.5379547429181233E-9	 -0.0026491866154535262 -1.5380021016977017E-9
0.97	6.260786391378672E-7 +4.094004107219283E-12	 -0.00011909402220179866 +4.094132815462635E-12
0.98	 -2.662774976316642E-7 +1.4534892755322083E-9	 -0.0003466693896385735 +1.4535359177019363E-9
0.99	 -6.833150539225446E-8 +1.3953173536447572E-9	 -0.003574860798938449 +1.3953630475513563E-9
1.	9.334062122400575E-8 -1.4169429607975475E-9	0.002035676537527959 -1.4169903050667488E-9
1.01	5.903555546638017E-7 -4.974479750332333E-10	 -0.002515661348279831 -4.974649303383684E-10
1.02	1.307136152996059E-6 +3.691609777191057E-10	 -0.0009065212222281018 +3.691738108160015E-10
1.03	8.490239527721617E-7 -9.162597044220669E-10	 -0.000709761004617138 -9.162921838617121E-10
1.04	 -9.704405717532911E-7 -1.7201371570211803E-9	0.0020581393830893914 -1.7201993219437576E-9
1.05	 -8.666252195207898E-7 -1.6844123528797918E-9	0.000944128436627891 -1.6844744030259442E-9
1.06	 -4.5108352937690883E-7 -1.64990116608123E-9	0.001536837084184181 -1.6499631081357342E-9
1.07	 -5.069307983755303E-7 -1.2415248161750956E-9	0.0005562554390960654 -1.2415723102093098E-9
1.08	 -4.975221509505866E-7 -3.772529286808166E-9	 -0.0014775757224754216 -3.7726763135683705E-9
1.09	 -4.080013890525488E-7 +5.754202982467156E-10	0.0003659661356439132 +5.754431413228718E-10
1.1	4.780246477501485E-7 +3.309421440422771E-9	 -8.09356330933042E-6 +3.3095552397776276E-9
1.11	 -3.116582758122132E-8 -1.4937623701616437E-9	 -0.0027707878389970084 -1.4938238657846402E-9
1.12	2.883107920634184E-7 +2.458583655223333E-9	0.0008491810164733343 +2.4586867028349664E-9
1.13	8.236622235286901E-8 -8.013196235070451E-10	0.002011121378063552 -8.013538119815977E-10
1.14	 -5.088964269572426E-7 +4.4897170332445576E-10	 -0.0023430096720276155 +4.4899119934150115E-10
1.15	3.142577990426313E-8 +1.634861061464172E-9	0.0012066115187236745 +1.6349333041560183E-9
1.16	2.8015857841031294E-7 +9.936608210449479E-10	 -0.0005908573832626913 +9.937054967794741E-10
1.17	5.296896511531991E-8 +2.105352775758728E-9	 -0.0025130919965161208 +2.1054490731066333E-9
1.18	4.75594104214165E-7 -7.541563178177689E-10	 -0.00043698219095726165 -7.541914045792486E-10
1.19	6.80253804232591E-7 +3.0713810358425194E-9	 -0.0006587502929330976 +3.071526362635379E-9
1.2	 -6.654335985937602E-7 -4.99072425405334E-9	 -0.0010539097465511902 -4.99096438288553E-9
1.21	1.558541363785345E-7 -2.09823523158621E-10	0.000030164946745496003 -2.0983378778939648E-10
1.22	 -6.907650155577963E-7 -1.7323407235184495E-9	0.0014273500031812866 -1.7324268767493667E-9
1.23	 -9.240899401077142E-7 -2.1857230186505202E-10	 -0.000762993865393995 -2.1858335089420534E-10
1.24	 -4.4882628774050517E-7 +2.1869694899886428E-9	0.0007948424014435423 +2.1870818482588436E-9
1.25	 -4.428137993239E-7 -6.969158872865949E-10	 -0.00007951176135897504 -6.969522720471777E-10
1.26	 -1.2149208488296978E-6 -1.6081218941739397E-9	 -0.0005613798383160849 -1.6082072001325436E-9
1.27	 -2.849880473831945E-7 -4.719262185453768E-9	 -0.0009070557108664708 -4.719516517475719E-9
1.28	 -5.058525271419125E-7 +2.0124608922871762E-10	 -0.0008918546493811584 +2.0125710632310087E-10
1.29	1.8427802533298947E-7 +1.4720844726700437E-9	0.0005857817631256996 +1.4721663251835377E-9
1.3	 -5.112104378002658E-7 -1.9158672937112948E-9	 -0.00007936905785070562 -1.915975479990281E-9
1.31	2.4029393191287653E-8 -2.4578598008885224E-10	 -0.0018794268056475864 -2.458000736239984E-10
1.32	 -2.749712522203211E-7 -1.446943932590259E-9	0.0011300973673718949 -1.447028172908957E-9
1.33	4.5885327840214476E-7 -2.50968611547834E-10	0.0008523563122293108 -2.5098344503697315E-10
1.34	2.1424287831871844E-7 -2.1627349031988356E-9	0.0011097132112522726 -2.1628646610687544E-9
1.35	2.569610223367312E-7 -2.5561177006571493E-10	 -0.0000854092682126756 -2.5562733579244197E-10
1.36	 -2.575723301476871E-7 +1.5686283941243958E-9	0.0008120234635932185 +1.5687253377152677E-9
1.37	 -5.600550476056351E-9 +2.956246158277949E-9	0.0004860450567573732 +2.95643155546464E-9
1.38	 -9.803061486848121E-8 -6.112857861275285E-10	0.00011832227627800656 -6.113246838417689E-10
1.39	3.285119726536289E-7 -3.3426300453476902E-9	0.0011498726473041221 -3.3428458395265325E-9
1.4	1.0156146277882658E-8 +2.078807453107977E-9	0.0005112029539883746 +2.0789435951784545E-9
1.41	4.816134138410335E-8 -1.2500708150452065E-9	0.00020044054847677149 -1.2501538565211924E-9
1.42	6.388070601217434E-7 -1.2309383677408085E-9	0.00037017663455192934 -1.2310213022771885E-9
1.43	2.676062183371431E-7 -5.838579477411418E-10	0.0004985410530648719 -5.83897841219254E-10
1.44	 -7.239293640597881E-7 -1.194103530285848E-9	 -0.0006995836043991496 -1.194186265387594E-9
1.45	 -4.7039536828682077E-7 -2.381934779217197E-9	0.0009704535959458468 -2.382102115038143E-9
1.46	3.90027238423769E-7 -1.1590724330257362E-9	0.0008471148343226609 -1.1591549872969975E-9
1.47	 -7.240969637223316E-7 -1.1421969291444661E-9	 -0.0002016349436202189 -1.14227939973986E-9
1.48	 -1.108932426379599E-6 -1.125729839194665E-9	 -0.000183752321716055 -1.1258122304832049E-9
1.49	5.844931734002414E-7 +2.7790285449854694E-9	 -0.00148872852433823 +2.7792346978844223E-9
1.5	3.069964812404443E-7 +2.717458995110249E-9	 -0.0007541947374755232 +2.717663295707569E-9
1.51	1.2585479206942787E-7 +2.1238083061196466E-9	 -0.00019453020677015384 +2.123970111719074E-9
1.52	2.111436266979446E-7 +5.061403720393383E-10	 -0.0008953746612574091 +5.061794455751501E-10
1.53	 -3.954105565113692E-7 -3.101419071523211E-9	0.0015232469198767577 -3.1016616588412256E-9
1.54	 -7.186938188607639E-8 +4.746506388592871E-10	0.000026013667194404288 +4.746882520791366E-10
1.55	3.4402105526438656E-8 -5.27386566928507E-10	 -0.00037608086865424813 -5.274289036949904E-10
1.56	5.280345918537124E-7 +4.449083463471851E-10	0.0006401739353405159 +4.449445244010167E-10
1.57	2.841095023440074E-8 -5.190575413655964E-10	0.0010032524854424268 -5.191002917956635E-10
1.58	 -2.391700454146067E-7 -4.9097199895193324E-11	 -0.00046799465414753486 -4.9101295299707416E-11
1.59	 -7.794769524488637E-7 +4.0332633707090953E-10	 -0.0003135193915903124 +4.0336040745012075E-10
1.6	1.250228238960618E-7 +3.9022230025948116E-10	0.00020429320231953708 +3.9025567965118434E-10
1.61	 -1.0667967895069859E-7 -9.43529163789922E-10	0.00014233470765627013 -9.43610884791625E-10
1.62	 -1.0831369565864777E-7 +3.6507728158425697E-10	 -0.000238250359634696 +3.651092957119168E-10
1.63	 -1.281552383884614E-7 -4.956343852055267E-10	0.0006394156405044079 -4.956783863232167E-10
1.64	 -4.524035704081244E-7 -2.9915972701050287E-9	0.00008812994799027533 -2.9918661251143465E-9
1.65	 -2.500298079523957E-7 -2.124627511637262E-9	0.00011757570501176645 -2.1248207877740385E-9
1.66	2.799964357159802E-7 -8.864591617112574E-10	0.00048826446672373326 -8.865407828587609E-10
1.67	1.405095307265785E-7 +7.024695706143488E-10	 -0.00005779221385814202 +7.025350324964301E-10
1.68	4.15524070789346E-8 -1.6403903721094214E-9	0.00015532557879248962 -1.6405450734392605E-9
1.69	1.1495176695293425E-8 -9.359557821720176E-11	 -0.0007061252686502973 -9.360451039290225E-11
1.7	 -1.6455314687812425E-7 -4.709397836946249E-10	 -0.0014075812582363923 -4.709852607132079E-10
1.71	4.4481135390654983E-7 -1.0010838406276773E-10	 -0.0002198715546089463 -1.0011816525246423E-10
1.72	 -5.750883686956782E-7 -2.2700366076574896E-9	0.0014339022394383222 -2.2702610056737827E-9
1.73	 -1.157631235973558E-7 -1.062112687434729E-10	0.0007413538467188926 -1.0622189040143013E-10
1.74	1.2222458712619333E-7 +1.2861909849565439E-9	 -0.0005309522562434402 +1.2863211018597823E-9
1.75	9.021785695461369E-8 -7.976920573446211E-10	 -0.00019422525240978908 -7.977736857625146E-10
1.76	 -1.7096518610691823E-7 -7.88791651751711E-10	 -0.00009466806294519166 -7.888732945553076E-10
1.77	 -3.7087229471850416E-7 -1.1728839186836288E-10	0.0004765813857029907 -1.173006699944598E-10
1.78	 -5.691812553457701E-7 -1.4231768128820094E-9	0.0001301119778394911 -1.423327483873587E-9
1.79	 -2.3555639085383585E-9 +1.8001133204794513E-9	0.00008978180284413139 +1.800306044988939E-9
1.8	 -2.164319778541068E-7 -1.2469866716244765E-10	0.000011158374098419732 -1.247121672978289E-10
1.81	4.097417792713208E-8 -1.2701172869042935E-10	 -0.0005896351462490024 -1.2702563245933012E-10
1.82	3.055713140956531E-8 -3.1774374906690708E-9	0.0007120878611885928 -3.177789173866031E-9
1.83	 -3.66058926644015E-7 +2.2673734769930376E-9	0.00005199095383440416 +2.267627198530046E-9
1.84	5.177384839203956E-7 +1.0464321050957071E-9	0.0006201628863609416 +1.0465504852931415E-9
1.85	1.910470633380033E-7 -7.1599810794941E-10	 -0.0005334814572419359 -7.160799898580896E-10
1.86	6.352950458045193E-7 +4.336402812892443E-10	0.00027006388393147063 +4.3369041021537503E-10
1.87	4.6804505186796796E-7 -7.014330676791741E-10	0.00043359667913970645 -7.01515027804723E-10
1.88	1.2933711675318422E-7 -1.8005664494194305E-9	0.00013331600033299966 -1.8007790959444654E-9
1.89	 -1.0589537029975165E-7 -3.4092691125695494E-9	0.0005346826382753567 -3.4096760415345167E-9
1.9	3.597854669334521E-7 +1.4627392199124817E-9	 -0.0003601694535343877 +1.462915664399975E-9
1.91	1.6581796715955633E-7 -1.7287545131924362E-9	0.0005521930511981231 -1.7289652470535301E-9
1.92	 -1.7275544326754174E-7 -1.7057649937893462E-9	0.0006029998624133743 -1.7059751083724029E-9
1.93	 -3.8608135355389095E-8 +1.384112060708626E-9	 -0.00003249921550297619 +1.3842843350868997E-9
1.94	4.9368932974613455E-8 +1.359014167220037E-9	 -0.0006619219891469449 +1.3591850752802637E-9
1.95	 -1.4055863659821086E-7 +1.8301016708008385E-9	 -0.00024442978513169084 +1.8303342012462838E-9
1.96	3.613415260504014E-7 +8.222940880220676E-10	 -0.0007457783235101563 +8.2239964209059E-10
1.97	6.481739523712382E-8 -1.5974028813815909E-9	 -0.0004847381241680287 -1.5976100303944096E-9
1.98	3.582621885740351E-7 +7.903415184221969E-10	 -0.001107613888646281 +7.904450520462884E-10
1.99	 -1.9896283942199698E-7 -2.9560137009707952E-9	 -0.0004962633881301894 -2.9564048561836012E-9
2.	1.547999899129435E-7 -1.5372722715768807E-9	0.0005748562676583586 -1.5374777411891472E-9
2.01	1.797623341375314E-7 -1.5179842169211022E-9	 -0.0001700989915836662 -1.5181891426451489E-9
2.02	2.1596776975827565E-8 -1.6139371725634158E-10	 -0.00019377005633221717 -1.6141572252945636E-10
2.03	2.136285857019444E-7 -1.480487068091074E-9	0.0010481728388461525 -1.4806909292025222E-9
2.04	5.342863142198405E-7 +1.5680500066521823E-9	0.0007790619147651038 +1.5682680577273393E-9
2.05	 -1.5183819725819005E-7 +6.886131192086916E-10	 -0.0009365305572712427 +6.887098180566963E-10
2.06	7.45449176625462E-7 +6.752592616144021E-10	0.00015564138057984396 +6.753550126708083E-10
2.07	3.63361835369418E-7 +1.490879182630975E-9	 -0.00019314269539818352 +1.4910926453441576E-9
2.08	2.8719504312162085E-7 +6.493641052303464E-10	 -0.0000996257340933358 +6.494579811345607E-10
2.09	2.633388270901883E-7 +2.3424155390396507E-10	0.0004181706524440819 +2.3427574365984546E-10
2.1	5.208886898765707E-8 +6.24508641581467E-10	0.00019889712175069217 +6.246006689138083E-10
2.11	2.2507743974781784E-7 -2.908598712123645E-9	0.0006082528879953012 -2.9090314140362507E-9
2.12	6.359358821925895E-7 +6.006431421636741E-10	0.00030599754787077573 +6.007333467560731E-10
2.13	1.194317641656434E-7 -2.0731053244439686E-9	0.00031945813631961283 -2.0734196077304937E-9
2.14	 -1.186267834580374E-7 -1.297296674233629E-9	0.00014510491602263924 -1.2974951958823378E-9
2.15	2.0417748150639116E-8 +2.0457786410707035E-9	 -0.0004983388931915695 +2.0460946336566975E-9
2.16	3.9531619327809254E-7 +1.2850614647699132E-9	0.00032113242840986695 +1.2852618072514188E-9
2.17	 -3.8215041008192605E-9 +1.2643358567801738E-9	 -0.00009642033965654398 +1.264534797590498E-9
2.18	9.607181486562358E-8 +5.3452971894876E-10	 -0.00011725234980143862 +5.346146031994296E-10
2.19	 -2.5312875272397326E-7 +1.2240529966074755E-9	 -0.00021629582835729435 +1.2242491659081813E-9
2.2	 -9.099593914588358E-8 -1.7611827959847345E-10	 -0.00011789147944164647 -1.7614676305609733E-10
2.21	 -3.835004697015797E-7 +5.042994869508331E-10	 -7.357827947182024E-6 +5.043817900719717E-10
2.22	1.0419429677902506E-7 -8.490063247832216E-10	 -0.000236110113811955 -8.491461419274119E-10
2.23	4.6349832153417216E-7 +1.8107260364291983E-9	 -0.00009529393610221262 +1.8110269254549623E-9
2.24	2.08919799517928E-7 +1.1297559658758078E-9	 -0.000027586913011679857 +1.1299453854604993E-9
2.25	3.2926612481821424E-7 +4.666392188997408E-10	 -0.00011338500581288186 +4.667181577503422E-10
2.26	6.272265998766805E-9 -4.636431213128256E-9	0.0001545264940748186 -4.637222521120722E-9
2.27	1.1403920796982237E-7 -1.436283573691916E-9	 -0.0003896112132450837 -1.4365308810794666E-9
2.28	9.219457158198767E-8 +1.680534457147712E-9	 -0.00033149323167717905 +1.6808263763257122E-9
2.29	2.713466474065003E-7 -2.6285502550649556E-9	0.0010285588135708942 -2.6290108647790892E-9
2.3	 -2.7154323300203906E-7 +1.0275573282037053E-9	 -0.00024021921734945155 +1.0277389667048261E-9
2.31	 -2.3811317835982965E-7 +1.011585771369803E-9	 -0.0004393080842259291 +1.0117661450568834E-9
2.32	9.7142636453403E-8 -7.699673871092875E-10	 -0.00022646433379131173 -7.701058696896846E-10
2.33	 -9.151380953443111E-9 +9.80493658405906E-10	 -0.00045442764669998163 +9.806715288607352E-10
2.34	2.1806260764168217E-8 -1.3292683316784257E-9	0.00017264621789713096 -1.3295115475410784E-9
2.35	3.046457990236646E-7 +2.6495897295969447E-9	0.0005838132983258135 +2.6500786770856003E-9
2.36	5.535490772588134E-7 -7.416931634048112E-10	 -0.00016589380068883958 -7.418312007147518E-10
2.37	4.722669662745223E-9 +2.577983616866119E-9	 -0.00036654774395485757 +2.5784674831861418E-9
2.38	 -1.1655177761187789E-8 +3.6223390899381646E-10	 -0.000252620531928945 +3.6230247232500605E-10
2.39	3.933134848921327E-7 -1.8320086971242184E-10	0.000023725615164948977 -1.832358378556492E-10
2.4	 -4.540663456753935E-8 -7.151036079119796E-10	 -0.0006581493707774076 -7.152412467633102E-10
2.41	 -3.1142390986992217E-7 -2.2840203514593173E-9	 -0.000058933034530902524 -2.2844636374337216E-9
2.42	2.961106354683175E-7 +8.534677075234938E-10	 -0.00040073961455875545 +8.536347273821556E-10
2.43	 -2.452160625007646E-7 -1.7206791400874903E-9	0.00036529967587528984 -1.721018658302762E-9
2.44	6.01105701510581E-8 -1.8409560344556535E-10	0.0005421497890109902 -1.8413222814432165E-10
2.45	 -8.81803114478114E-8 +3.1556573197840694E-10	0.0002817767040026124 +3.1562902755366994E-10
2.46	 -1.5864075445885342E-7 +1.2968286379325163E-9	 -0.00007481012891027468 +1.2970908812978575E-9
2.47	4.4881654014682645E-7 -1.159998791683874E-9	 -0.00033195005860875426 -1.1602352766320415E-9
2.48	2.0743078563454117E-7 -2.112113466844726E-9	0.000012546171029094288 -2.112547550093726E-9
2.49	 -5.011369071157619E-8 -3.5173719989312335E-9	 -0.00031036302710760904 -3.518100734179531E-9
2.5	4.728808804614986E-8 -3.4776207335133123E-9	 -0.00022727107818178006 -3.478347032396285E-9
2.51	2.004872225437861E-8 +2.7996713646186655E-10	 -0.0004839871333217616 +2.8002607617316535E-10
2.52	1.1631018097617656E-7 +7.336873071305009E-10	 -0.00010399312227428304 +7.338429990088818E-10
2.53	 -9.447436795013615E-8 -1.0926977446390862E-9	 -0.0000617469055210104 -1.0929314643424471E-9
2.54	 -1.8344267076557757E-8 +7.120598802768636E-10	8.509153643756319E-6 +7.122133909427163E-10
2.55	3.0553548695193224E-8 +2.582384895748785E-10	0.00022238246664216973 +2.5829460164721093E-10
2.56	2.3046200154836965E-7 +2.881633119470563E-9	 -0.00034339854828620747 +2.8822641842801095E-9
2.57	1.6946620357211267E-7 +2.8459551954862037E-9	 -0.0001855161408562472 +2.846583326190234E-9
2.58	5.759631320685271E-7 +6.708926492994879E-10	 -0.00017010956425009578 +6.710418766872855E-10
2.59	3.5002798355250245E-8 +1.0840661154900937E-9	 -0.00018059712310766236 +1.084309118562491E-9
2.6	 -1.5455859591350382E-7 +2.3311162908953585E-10	0.000058525302432809874 +2.3316428746762955E-10
2.61	2.411945885156725E-7 -2.2520511969744375E-9	 -0.00011082616835214711 -2.252563841702043E-9
2.62	 -2.0199281523134602E-7 -1.8197646539344333E-9	0.00012887971686942128 -1.8201820760055518E-9
2.63	2.7195154770096347E-10 +2.190359765840281E-10	 -0.0004005878590834089 +2.1908660390329997E-10
2.64	 -2.653299673140821E-7 -1.3833542842046451E-9	 -0.00010201494954479265 -1.3836764649909996E-9
2.65	 -6.447564997129289E-8 -5.798744879059711E-10	0.0000657984077221314 -5.800105648344164E-10
2.66	 -1.30776689494033E-7 -1.3564234527628823E-9	4.819033172772699E-6 -1.3567441665990874E-9
2.67	 -7.693660530060663E-8 -1.7293962090959875E-9	0.00017901501741722246 -1.729808189486864E-9
2.68	 -2.1136463180516363E-8 +1.9710622773995794E-10	0.00023050769884123298 +1.971535352230263E-10
2.69	 -7.72525399699791E-8 -3.205451665590254E-9	0.00026303668592167587 -3.2062267590823325E-9
2.7	2.674430698300933E-7 +9.356724182327027E-10	0.00027727395598415363 +9.359003537719444E-10
2.71	 -5.598833910072345E-8 +1.8480248408270013E-10	 -0.00020951495793200238 +1.848478372339044E-10
2.72	2.6691095227020183E-7 -1.280128211428513E-9	0.00030403550049287433 -1.2804446961523508E-9
2.73	 -2.118857501635055E-7 +1.769334746321804E-10	0.00012780929321925887 +1.7697753997684245E-10
2.74	2.799056220384146E-7 -1.9707079560046433E-9	0.000222102045279792 -1.9712023642027125E-9
2.75	 -9.245985981781107E-8 -1.2443466263583763E-9	 -0.00007077103205372421 -1.2446610892680868E-9
2.76	 -1.3064784335862592E-7 -5.335720472331594E-10	0.000041763493196935155 -5.337078705400129E-10
2.77	 -6.013238907632546E-8 +1.5452143709269726E-9	3.2162566930714493E-6 +1.545610568439039E-9
2.78	3.8546215608692834E-7 +1.526744439781135E-9	0.00022240641210184245 +1.5271387334547636E-9
2.79	2.4742989366030895E-7 +1.5481913594614944E-10	0.00015857712292102034 +1.548594074010806E-10
2.8	2.205220802672422E-8 +8.209751216198756E-10	0.000260573373470539 +8.211902069246936E-10
2.81	1.8602521149828304E-7 +8.104265453272432E-10	 -0.00008451056932354159 +8.106403865280958E-10
2.82	 -1.9023946046453837E-7 +1.4555215523547057E-9	 -0.00017450204016869166 +1.4559083486917885E-9
2.83	7.924185909915751E-8 -5.073335295526373E-10	0.00011027111919180175 -5.07469308470233E-10
2.84	3.644110443524874E-7 +7.797028737868949E-10	1.8023817913385923E-6 +7.799130251115995E-10
2.85	2.239209746019494E-7 +7.697599188237222E-10	 -0.00011323372245581393 +7.699688540864769E-10
2.86	1.5955717984710375E-7 +7.599617063634356E-10	0.00013680863735190642 +7.60169432392748E-10
2.87	1.6435459807932297E-8 -1.7369724770698871E-9	0.00021075683631747947 -1.7374505831760881E-9
2.88	3.8724182247649334E-8 +7.407893267481285E-10	0.00007488774960506817 +7.409946545080627E-10
2.89	1.4982798659359644E-7 +1.2241245239316198E-10	 -0.00022472561799649727 +1.224466180425687E-10
2.9	 -7.144186253282425E-8 -1.0859907536135655E-9	0.00022611292433478207 -1.0862959581183213E-9
2.91	3.4544772139118624E-7 -4.79997972298729E-10	 -2.4040280116558414E-6 -4.801338019602213E-10
2.92	2.532777961682263E-7 +7.040724964587565E-10	0.00003910917829717551 +7.042731065350934E-10
2.93	 -2.808396057271575E-8 -1.0579588445385383E-9	0.00011321758241441178 -1.0582623553036583E-9
2.94	2.5359898674853156E-7 +1.8433889241374269E-9	 -0.00012183896438744812 +1.8439213782008658E-9
2.95	2.0768263619141144E-7 +1.8230581580772145E-9	 -0.00046869776757845285 +1.8235883284980345E-9
2.96	 -3.322691473731201E-7 -1.0310015412023776E-9	 -0.0004037593098310573 -1.031303407135676E-9
2.97	 -1.6436008767986666E-8 -1.0222454357468116E-9	 -0.00004854527153847138 -1.0225467640156293E-9
2.98	 -2.5211694302621857E-7 +1.7637232903227367E-9	 -0.0000316519417127539 +1.764246692117519E-9
2.99	2.1460060658548037E-7 +3.3942111705501455E-9	0.00012737416600809107 +3.395225207774341E-9
3.	 -1.6460944923185E-7 -4.5221166274715856E-10	0.0000308204497840776 -4.5234766852719593E-10
3.01	 -4.924483800163283E-8 -4.4930026552062606E-10	 -0.00006516529767892549 -4.4943629818360884E-10
3.02	1.423382829873137E-7 -9.801043960788524E-10	 -0.00012599878425905646 -9.804031132543031E-10
3.03	4.0704612224039415E-8 +8.48386454511447E-11	0.00019486163417228554 +8.486467420598851E-11
3.04	2.7676565895052152E-8 +2.175322731124001E-9	 -0.0003146360202755979 +2.1759945399664702E-9
3.05	6.643623527856511E-9 -9.560687889560767E-10	 -0.00023727640061426628 -9.563659994311841E-10
3.06	1.1404757447895395E-7 +5.908165379696242E-10	 -0.00016098477832176487 +5.910014100090792E-10
3.07	2.212691554261794E-7 -9.405380370833867E-10	0.0002137409473879904 -9.408342672586547E-10
3.08	7.551296082258179E-8 -2.945290503074195E-9	 -0.00007783610630090825 -2.9462242005763628E-9
3.09	 -2.1530562498305193E-7 -1.9218362526271944E-9	 -3.3093442326575044E-6 -1.92244946430239E-9
3.1	 -2.0013146169091028E-7 +6.888552588046323E-11	 -0.0001553964413195293 +6.890764810977339E-11
3.11	2.425433738953533E-7 -9.106043844840996E-10	 -0.00014257427596509875 -9.108987103901431E-10
3.12	 -1.036599217985457E-8 +6.46304146678306E-11	 -0.00028702782239730805 +6.465143911364322E-11
3.13	2.318622844338986E-7 -8.961781464893861E-10	0.00017077271591174563 -8.964715477020733E-10
3.14	 -1.287804549418878E-8 -8.890952903349935E-10	 -0.0002805478709791276 -8.893882359091085E-10
3.15	 -2.7420092073447853E-7 -8.820974869542557E-10	0.00011197044864906678 -8.823899813059516E-10
3.16	 -1.8974838595837623E-7 -2.272701289401251E-9	 -0.0000801172357619685 -2.273459686692221E-9
3.17	8.816334158196966E-8 -2.2526841633007357E-9	0.00006771060605859491 -2.2534406469387735E-9
3.18	 -2.719045150351357E-8 -4.518433890417899E-9	 -0.000053522796724370926 -4.51996083523436E-9
3.19	2.0458340825539547E-7 +9.563421732602465E-10	 -0.000020088510066468894 +9.566673925566268E-10
3.2	3.160851202176639E-8 +4.974184854374504E-10	 -0.0001306412918472267 +4.975887028454496E-10
3.21	4.083006849163616E-7 -1.7306369641633938E-9	 -0.000030518650764524525 -1.7312328987628562E-9
3.22	1.3985944359841663E-7 -1.2756649935804025E-9	 -0.000014348501786621959 -1.276107002881885E-9
3.23	1.4217273600378474E-7 -8.290243445035494E-10	0.0002065197189048612 -8.293133830895064E-10
3.24	1.0773622652440853E-7 -3.9056176647155575E-10	0.0002867292606862503 -3.9069878008232644E-10
3.25	2.331931093985312E-7 -3.883236416049845E-10	 -0.00010668229952073118 -3.8846071241823215E-10
3.26	3.023516765349793E-8 -1.6589116529749449E-9	 -0.0001256247464996081 -1.6595008266938957E-9
3.27	2.1123700675060616E-7 +1.7180167957486002E-9	0.0002199132531357177 +1.71863071081631E-9
3.28	2.629669737601674E-7 +4.51358626934305E-10	0.00026457925847959507 +4.515209033073572E-10
3.29	3.5170171275711725E-7 +4.459312659470243E-10	 -0.00014554921407099956 +4.460925702873931E-10
3.3	2.9751789535718365E-7 +1.2586218596757727E-9	 -0.00019317248588292924 +1.2590799065907155E-9
3.31	 -7.37338933942266E-8 +2.995650878172214E-11	0.000058652154197918404 +2.996747695941232E-11
3.32	3.302451737588988E-7 -1.1766404298737667E-9	 -0.0002399666350988304 -1.1770738486358945E-9
3.33	 -1.3772268474625618E-7 -1.963497497456345E-9	 -0.00018725421110561742 -1.9642251215558805E-9
3.34	 -3.664310362957487E-8 -1.5526939528961963E-9	 -0.00030913863571939784 -1.553272804891973E-9
3.35	3.469763177682344E-7 -3.6716719936125105E-10	 -0.00003697572052445779 -3.673049021438222E-10
3.36	9.165233273557128E-8 -1.9151615050177867E-9	0.000059832383967701654 -1.9158840646098694E-9
3.37	 -6.915198119477955E-8 -3.8197165227791746E-9	0.00003676527211487828 -3.821166232782294E-9
3.38	2.0739876857886782E-7 -2.264525242321019E-9	0.0000971086233137073 -2.265389814501433E-9
3.39	 -2.8797497061869188E-8 -1.8684879835022448E-9	 -8.9184108770934E-6 -1.86920558095308E-9
3.4	1.252514776010853E-7 +1.6616407835187424E-11	0.00011579880901464363 +1.662282712009643E-11
3.41	3.0720699926321144E-7 +2.6101368201232894E-9	0.000028289708006291723 +2.611151114924946E-9
3.42	 -3.270724488612797E-7 +1.1162514859792022E-9	0.00011881071392744396 +1.1166878077934241E-9
3.43	4.267649252917046E-8 +3.7679343553248873E-10	 -0.00009331248669700134 +3.7694157975851377E-10
3.44	9.96982991965625E-8 -1.0720314782619743E-9	 -0.0003168322729952369 -1.0724554316232095E-9
3.45	2.4525811399885074E-7 +3.678735295667092E-10	 -0.0004568564201108487 +3.6801985872996564E-10
3.46	 -6.487674345071018E-8 -1.0559363381057328E-9	0.0001357552537586815 -1.0563587971327807E-9
3.47	4.018625182416818E-8 +3.5917192272548354E-10	 -0.00007958273546490898 +3.5931645222319354E-10
3.48	1.7653215317531484E-8 +3.54900979251394E-10	 -0.00003057523895959262 +3.550446146070669E-10
3.49	1.8372904369917468E-7 +3.506822351588358E-10	 -0.000040242381730750923 +3.508249801224639E-10
3.5	5.4726313620718694E-8 -1.0247986958009963E-9	0.0002966211923004872 -1.0252182338308005E-9
3.51	2.2839813859129073E-7 +1.7020230698266133E-9	 -0.000364910343742403 +1.7027238420279694E-9
3.52	1.8299320879998923E-7 +1.6863999977377974E-9	0.00047513696630066646 +1.6870983002756658E-9
3.53	3.12286353484389E-7 -3.3400707592958073E-10	0.00023773479023248 -3.3414616829419293E-10
3.54	1.0591775765920761E-7 -3.645691108153973E-9	0.00029685309210999885 -3.6472179185846518E-9
3.55	2.69798917429398E-7 +4.268950116469255E-9	0.00004259365042424145 +4.270748064050532E-9
3.56	1.095276068688825E-7 +2.928810847218031E-9	0.0000375513167912063 +2.930051330957905E-9
3.57	 -2.39408954619783E-7 +3.1872263496413615E-10	 -0.000020116988090884895 +3.18858388019364E-10
3.58	 -1.0620978598665343E-8 +3.149408851193001E-10	0.0001651465420435569 +3.1507578013063553E-10
3.59	1.2098293264325885E-8 -9.595247458991585E-10	4.059834610517201E-6 -9.599380278025591E-10
3.6	7.908994979920357E-8 +9.37595886624787E-10	0.00012520238341182818 +9.380019768434806E-10
3.61	2.319363550929699E-7 -3.2099744293268454E-10	0.0000708471012116105 -3.2113724652596363E-10
3.62	 -1.8250819074957554E-7 -1.5588305281257346E-9	0.00008954906591738007 -1.559513210869784E-9
3.63	 -6.57231430102035E-8 -9.324802539912632E-10	 -0.00022304807124471523 -9.328908893118255E-10
3.64	1.0434775243050319E-7 +2.7313209936204844E-9	0.00014035003317337247 +2.7325304200244793E-9
3.65	1.20204883084322E-10 +1.498775781730984E-9	0.00009291804267124664 +1.4994430905439402E-9
3.66	2.4557070648572534E-7 +1.485452807165528E-9	 -0.000040084477494364934 +1.486117813871586E-9
3.67	 -5.961996144513384E-8 +2.0669857222110485E-9	0.00009407027717408574 +2.0679161338454017E-9
3.68	1.9581808148645736E-7 -3.103692223140611E-10	 -0.00009092163021077963 -3.1050969126723843E-10
3.69	 -6.623662066566019E-8 +8.61273273850652E-10	0.000026775767234236504 +8.616651964425425E-10
3.7	2.437161688922734E-8 +8.532611293353155E-10	0.00009734601038581382 +8.536515138133255E-10
3.71	3.744900699008145E-8 +1.4210140767931835E-9	0.00016019510331522757 +1.4216677397420127E-9
3.72	 -1.6762623684169537E-7 -1.4466787466736423E-9	 -0.000046768286691926896 -1.4473478084044018E-9
3.73	 -3.3070464227151842E-9 -3.7019587925389892E-9	0.00011473858292540036 -3.703680098184397E-9
3.74	2.092625779655295E-8 -2.5494997182777578E-9	0.000083477547916657 -2.550691529482563E-9
3.75	 -7.079408966866914E-8 +1.3719586657590847E-9	0.00011975192341369451 +1.37260344849041E-9
3.76	2.576193670241385E-7 -1.4050284774653574E-9	 -0.00006758672514950847 -1.4056923293561416E-9
3.77	2.08992048555956E-7 +1.8968436380811986E-9	 -5.481732869241198E-6 +1.897744638845026E-9
3.78	3.8819677086023686E-8 +2.479900800917493E-10	 -0.00002097598389725506 +2.481085012713736E-10
3.79	 -1.6101795728849942E-7 +1.3249951159832737E-9	 -5.987056487844744E-6 +1.325631185702611E-9
3.8	7.573652283099364E-8 -2.436526982520832E-9	0.00021496771630693357 -2.4377028300014173E-9
3.81	 -9.219684110811848E-8 +7.707435297088848E-10	0.0001140910677577267 +7.711174447760728E-10
3.82	1.5751591899128537E-7 +2.3636753806042766E-10	0.00004530437387175981 +2.3648281123088115E-10
3.83	 -1.1977873113109024E-7 -2.8969151934368353E-10	 -0.00009560476653889425 -2.8983353870824743E-10
3.84	 -1.6214734022957633E-7 +2.3075194384947176E-10	 -0.00010181767370593459 +2.3086566012033115E-10
3.85	4.068157490219501E-7 +1.773357444214398E-9	 -0.00004395666701173939 +1.7742359266685387E-9
3.86	 -9.274532851998594E-8 -7.969940902720123E-10	0.00004268332488811244 -7.973909578496629E-10
3.87	2.16414632190107E-7 +1.2369143813671185E-9	 -0.0001744041395189318 +1.2375335059379934E-9
3.88	 -3.4485385872021314E-8 +1.2264218282270987E-9	0.00010334349102928778 +1.2270388782264184E-9
3.89	1.9260497460301714E-7 -2.8213537520390953E-10	0.0001773784810594676 -2.822780588974204E-10
3.9	1.275700206541067E-7 +7.102062056701995E-10	 -0.00004480478060136866 +7.105672261503026E-10
3.91	1.577150446455225E-7 -1.2632317106474563E-9	0.00015297443898303013 -1.2638771497361072E-9
3.92	1.582086160514909E-7 -7.665080595986181E-10	0.00012134103650185823 -7.669017076965861E-10
3.93	1.6304460254340719E-7 -7.615984965615413E-10	0.00002419654393819386 -7.619916219085422E-10
3.94	 -1.025411780506989E-7 -2.6792015386163885E-9	0.00008385268108773508 -2.680591549709074E-9
3.95	 -1.9152420489060912E-8 +1.1559777937636392E-9	 -0.00001522924881458965 +1.1565805818964915E-9
3.96	 -4.718006081290056E-8 -7.47151644525321E-10	 -0.00008376769981126657 -7.475432247161313E-10
3.97	5.917796333623873E-8 +1.6065769051833735E-9	0.00009361763097175483 +1.6074231668983677E-9
3.98	1.4978223553633276E-7 -1.2040175868449528E-9	 -0.000038813486119798416 -1.204655001012829E-9
3.99	1.3812675934719595E-7 +1.5807366419390174E-9	0.00004177263454397251 +1.5815777051325227E-9
4.	1.7625464097279662E-7 +1.1087053390274243E-9	0.00005976384688597978 +1.109298209767856E-9
4.01	2.648317389583907E-7 +1.5554183084887906E-9	 -0.000012929818745356492 +1.5562542202370814E-9
4.02	 -5.8156100774592936E-8 +1.0904655787197862E-9	0.00006284584907655665 +1.0910545432321125E-9
4.03	 -1.4898847298270455E-7 -1.1641385806808846E-9	0.000048253270547446744 -1.1647704691333413E-9
4.04	 -3.921693784529149E-8 -2.047986041643114E-9	0.00003364570115928068 -2.049103203122238E-9
4.05	 -1.2742629996443644E-7 -2.637140819916015E-10	0.00001888572196380496 -2.638586493297268E-10
4.06	1.550393038643152E-7 -2.0196001081896857E-9	 -0.00016869044911673982 -2.0207127230546186E-9
4.07	2.998266350257634E-7 +1.7443719215115333E-10	0.00007532123306561887 +1.7453376519086863E-10
4.08	 -2.1405188022072252E-7 +1.0379191405912836E-9	3.19478715798343E-6 +1.0384965879965493E-9
4.09	4.570774047318048E-9 +1.0294666223058919E-9	0.00007373824280421104 +1.0300421789429026E-9
4.1	1.5041513384622466E-7 -2.390958339120437E-9	 -0.00027613559755460904 -2.392301628238874E-9
4.11	 -2.3374701640932471E-7 -1.1041908667594695E-9	 -0.00006522366281505701 -1.1048142543669174E-9
4.12	1.8411090831317845E-7 -1.0970128163547787E-9	0.00017088575742192275 -1.0976351698042137E-9
4.13	1.5985069399835924E-7 -2.759015617585999E-9	 -0.000088233291211071 -2.760588462232147E-9
4.14	1.8263124148789856E-7 -6.685965002546367E-10	 -0.00020676155272920165 -6.689794986440039E-10
4.15	 -6.248801877585786E-8 -1.8984260148438297E-9	0.00005458598248937791 -1.899518769430472E-9
4.16	1.376210371341181E-7 +1.789232055865935E-9	0.000019120543518730063 +1.7902669280236358E-9
4.17	1.7886193964605571E-7 -2.6836481659200043E-9	0.000038469324601288056 -2.685207832131113E-9
4.18	1.9539093424706758E-7 -2.50370659700031E-10	 -0.0002051182591058191 -2.5051686751236137E-10
4.19	2.6642815690273115E-7 +4.14625114069421E-9	0.00026384039235772936 +4.14868401033578E-9
4.2	 -3.901978907884364E-8 +2.5288618109806097E-9	 -0.00007900521301154286 +2.530352748613529E-9
4.21	 -1.0592432991634942E-7 -1.4292809607186154E-9	 -0.00018267233625019123 -1.4301276385888255E-9
4.22	6.276689258878899E-8 +1.318039425066464E-9	0.00005068461198292156 +1.3188239203252448E-9
4.23	6.642212442616087E-8 +1.4279241955768622E-10	 -0.00004885429329019812 +1.4287781280337795E-10
4.24	5.7962755253929233E-8 -1.0159054131471336E-9	0.0001588481310932366 -1.0165158253904086E-9
4.25	 -1.3162915814114564E-7 -2.5412015887888464E-9	 -0.00008642230588301807 -2.5427356964639263E-9
4.26	1.6043282429294506E-7 -2.427908391127545E-10	0.00007311035239425749 -2.4293810120833697E-10
4.27	 -2.3422262266329331E-7 -6.19432801710202E-10	0.0001583520432459577 -6.198102783240878E-10
4.28	1.1651857579198366E-7 -6.158825008049756E-10	 -0.00005003909066027113 -6.162595744023309E-10
4.29	7.3153032602662E-9 -9.846645609920634E-10	0.00021088916021220163 -9.852702423899542E-10
4.3	6.490295247742863E-8 +3.08821700199911E-9	 -0.000013998645912309897 +3.0901254779330544E-9
4.31	2.9355141527452762E-8 -6.054174064247164E-10	0.0001521730919815009 -6.057932888630999E-10
4.32	 -4.927055596437168E-8 +1.2720428404959002E-10	 -0.000015949849685941645 +1.2728362774976657E-10
4.33	 -9.851276232624244E-8 -5.985920469080427E-10	0.000035099863996240143 -5.989671499456634E-10
4.34	 -4.84030817073357E-8 -2.7526959033288264E-9	 -0.00017088967266082127 -2.7544288379202985E-9
4.35	1.4674625800934234E-7 -5.91884627788137E-10	0.00016784599182318303 -5.922589629997495E-10
4.36	1.4497679659244668E-7 +2.2486416144118478E-9	 -0.000029857720498419572 +2.250070307554817E-9
4.37	1.979627010465871E-8 -1.9941819829601684E-9	0.0000786295862269526 -1.9954548236018754E-9
4.38	2.1735944402381492E-8 -1.2816686725819006E-9	0.00007455484947100827 -1.2824904817783482E-9
4.39	 -1.1701431356380419E-7 -5.788131926643043E-10	0.00007404143778339183 -5.791860263164165E-10
4.4	 -6.047296484144613E-8 +1.4947768149290474E-9	0.00009966983898729503 +1.4957440454388664E-9
4.41	1.2311187447267002E-7 -2.628780579420997E-9	 -0.000028541609996982176 -2.630489336934785E-9
4.42	2.1531800000586911E-7 -1.9309055115161286E-9	0.00011662693433815244 -1.9321663374185908E-9
4.43	 -4.058182096539692E-8 -1.2423846000925748E-9	 -2.57401311669296E-6 -1.2431995177268733E-9
4.44	 -1.2114866278891524E-8 -1.9063760770029287E-9	0.00008212193945509069 -1.9076321803338432E-9
4.45	8.297981653245019E-8 -5.600272792433239E-10	 -0.0001146527093514696 -5.603979434899274E-10
4.46	 -1.7921799418992897E-7 -1.882278182805446E-9	0.00012982781210216335 -1.883529610221929E-9
4.47	 -1.036637166230826E-8 +1.042318010555811E-10	 -0.00014269953284282462 +1.0430141048533957E-10
4.48	 -1.4997176465301352E-7 +7.566290858235307E-10	 -0.000021379108907829637 +7.571366517939991E-10
4.49	 -1.1209653570808263E-7 -1.197471522425559E-9	 -0.00008914137364547092 -1.198278408024358E-9
4.5	1.83783602854722E-7 +7.451695022919515E-10	0.00006017481105244668 +7.456738555612981E-10
4.51	1.5995753330941995E-7 +2.0212068467111954E-9	 -0.00004034836283987412 +2.02258094955718E-9
4.52	2.805106928631344E-8 +9.731867186586147E-11	 -9.675284762469918E-6 +9.738512708478098E-11
4.53	1.3553542788502925E-7 +2.6255447096808577E-9	4.408415536419044E-6 +2.627345538901718E-9
4.54	 -8.32847119993487E-8 -1.790015056776065E-9	 -0.00005930764262563604 -1.7912482347382324E-9
4.55	2.3823520328497342E-7 +7.174213005958953E-10	0.00021013675525536097 +7.179177272426903E-10
4.56	3.914206453609276E-8 -3.6279055382587378E-9	0.000013102689220229673 -3.630426953315989E-9
4.57	6.09083359550924E-8 -1.1411123291941772E-9	 -0.00005520418604284579 -1.141908892225138E-9
4.58	1.0460685315491799E-7 +8.946647227904344E-11	0.00014328207709855565 +8.952919881175539E-11
4.59	 -3.705443524032253E-9 +6.961121057773507E-10	 -0.00017417322243528798 +6.966022966674935E-10
4.6	 -4.70763468372213E-8 -5.170011230551974E-10	 -0.0000665772751778638 -5.173667755115723E-10
4.61	 -4.4248358853514624E-8 +6.857421119708558E-10	0.00002533813969202364 +6.862292193237547E-10
4.62	 -3.302454053431979E-8 +8.448545085419705E-11	 -0.00011337115899500025 +8.454572465256133E-11
4.63	6.88775706428849E-9 -1.6935866160028738E-9	 -0.000012093935942579668 -1.694800096358286E-9
4.64	 -9.30172779623751E-8 -1.0948596282454057E-9	 -0.00017664621047212373 -1.0956475052607017E-9
4.65	8.293635763341929E-8 -1.6731465948434862E-9	0.000030545421487381136 -1.6743558128395797E-9
4.66	1.4055467334872916E-7 +1.822449474835444E-9	 -0.00004523176425487286 +1.8237722703336137E-9
4.67	1.0192417537129788E-7 +6.557216387891634E-10	 -0.000019860387748462085 +6.561996293626041E-10
4.68	 -6.636100196104693E-8 -2.790127142378717E-9	0.00008588374245522134 -2.792169738175381E-9
4.69	2.5953743450675876E-7 +2.9254183545053173E-9	 -0.00019620081441105327 +2.927569159722027E-9
4.7	1.2945930589264915E-7 +2.339923989678712E-9	 -0.00007925254224077164 +2.341651678651172E-9
4.71	 -3.2488828680841297E-8 +2.8870102855429513E-9	0.000041946598418849976 +2.889151000895863E-9
4.72	 -2.7589089136704892E-8 -2.1632997197378844E-9	 -0.000016050476572386454 -2.1649106255709725E-9
4.73	8.914201051387256E-8 +1.1827546814080294E-9	0.00011504354635702737 +1.1836391595523787E-9
4.74	 -7.170386964019229E-8 +7.066365020901667E-11	 -0.00012983843867931243 +7.0716717092982E-11
4.75	1.8100338018535288E-7 +6.180939416169906E-10	 -0.000059998624612523627 +6.185600782457315E-10
4.76	 -2.056849489741176E-7 -4.765474163608032E-10	0.00006860224458983389 -4.769083208131839E-10
4.77	 -5.234731496009906E-9 -4.741855934654668E-10	 -0.00002912859663221449 -4.745462202836877E-10
4.78	6.660755502707616E-8 +1.6811393639301273E-9	0.00005693147139667147 +1.6824232695814286E-9
4.79	6.485999411628048E-8 +1.1351245353699937E-9	 -0.00006255989342312878 +1.1359950755728988E-9
4.8	4.3280607016000697E-8 +2.7220518429859442E-9	 -0.000034597535977388395 +2.7241481450295137E-9
4.81	 -8.104100646522528E-8 +5.91548300012829E-10	 -0.00003567364744635934 +5.92005763094781E-10
4.82	 -2.6078402647221486E-9 +5.872563428624188E-10	 -0.000013065242392763643 +5.877123778670547E-10
4.83	2.9309057936188765E-7 +5.830011316816636E-10	0.00006705582244084899 +5.834557435262969E-10
4.84	2.5546587568004285E-7 +1.615722529250939E-9	 -0.000017527332042172254 +1.6169876596562537E-9
4.85	2.2189390460038406E-7 -2.001744862204114E-9	 -0.00004415072490781279 -2.003318738854787E-9
4.86	7.875892320212356E-8 +5.704522014535245E-10	3.4571305783865008E-6 +5.709025730535106E-10
4.87	1.713908080479019E-7 -4.5154971919251037E-10	0.0002070891524407738 -4.51907686530975E-10
4.88	1.5685546478144478E-7 +2.5855502098865567E-9	 -0.00011597503289858987 +2.587608341915962E-9
4.89	 -1.3881496367199966E-7 -4.469020553873405E-9	 -0.00004953389782468986 -4.472592553385286E-9
4.9	2.647090540179946E-8 -4.4509129307740725E-10	0.00010512547682297837 -4.4544850281544403E-10
4.91	 -2.1895527037553687E-8 +5.50237389106794E-10	0.00005255709039939002 +5.506807892460498E-10
4.92	1.3167012908794545E-7 +2.5206220574168163E-9	 -0.000041062357332243155 +2.5226615465449366E-9
4.93	1.388674301476082E-8 +5.180493784087622E-11	0.000033887626098358274 +5.184702495689422E-11
4.94	2.076145188278099E-8 -1.4119238467359525E-9	 -0.00009305198957084333 -1.413075575091236E-9
4.95	 -8.113218646704572E-8 -4.3464825660796857E-10	0.00013803164213123232 -4.350042434498725E-10
4.96	8.112740740923779E-8 +2.4577906267504703E-9	0.00002579979378462364 +2.4598117582088198E-9
4.97	1.3633360948814595E-7 +3.878890643980616E-9	 -0.00001550556062199946 +3.8820932783447304E-9
4.98	8.752897323810665E-8 +1.4752338822416963E-9	0.000028805402678244718 +1.4764568283859026E-9
4.99	1.4966252487519576E-7 +1.4658045636121553E-9	0.0000949836204679539 +1.4670245799668295E-9
5.	2.4669792200829424E-7 +2.3969724121141525E-9	0.00012115577163635188 +2.3989754642861277E-9
5.01	3.6411418591342226E-7 +5.12275941623975E-10	 -0.00003004162695885026 +5.127057445378854E-10
5.02	 -1.0672293363448396E-7 -2.7439725671579266E-9	0.00010177295048505483 -2.7462839818583503E-9
5.03	1.1664191548435257E-7 +4.316230762154284E-11	 -0.0000634493318835262 +4.3198810913065006E-11
5.04	1.7109210272405174E-7 -2.253404476949735E-9	0.00011150459466783239 -2.2553178178606233E-9
5.05	1.0442216467641561E-7 +4.979549269594957E-10	0.00002225081936170749 +4.983794151909888E-10
5.06	1.375616662884298E-7 -3.1353499533517387E-9	0.00003040693898928684 -3.138033323930079E-9
5.07	2.124692204890582E-7 +3.648281189137356E-9	0.00003115550919119414 +3.6514159077030393E-9
5.08	1.2832669182427235E-7 +4.875198323390778E-10	 -0.00004945918961088527 +4.879403795744138E-10
5.09	 -5.3859872545453305E-8 -1.2988899381440036E-9	0.00006838636879693795 -1.3000148117473767E-9
5.1	 -9.01665083995761E-8 +1.8100924315867694E-9	0.00010504745559998169 +1.8116661885066247E-9
5.11	1.8012200455443773E-8 -2.165854824912371E-9	0.00004736884531553187 -2.1677452890029632E-9
5.12	1.71087188926288E-7 +2.6637752444269515E-9	 -0.000088310221681493 +2.6661094308152495E-9
5.13	 -3.485274383500062E-8 -2.1417024498563933E-9	 -0.00007239560956038447 -2.143586500790025E-9
5.14	1.712498363691271E-8 -3.983202106917789E-10	 -0.000049088525936777265 -3.9867198012751993E-10
5.15	3.433049176624923E-8 -2.548263503007829E-9	 -0.00008915692676804677 -2.550522725797658E-9
5.16	2.786795126515547E-7 +3.883679578695456E-9	0.00004728098851682329 +3.887136136397082E-9
5.17	5.295254052523685E-8 +4.5770523859403305E-10	 -0.000019974274770809775 +4.58114187203245E-10
5.18	1.3768411332859141E-7 -3.9129110484737935E-10	0.00008777508096331817 -3.916420683957396E-10
5.19	1.3840480366727408E-7 +1.7127716919544143E-9	 -0.0000741324761335178 +1.7143138804620027E-9
5.2	3.095018786114923E-8 -2.478078569922621E-9	0.000047590533041683455 -2.480318455243891E-9
5.21	5.7464042676521646E-8 -1.2174337429587788E-9	 -0.00015148015025669406 -1.218538395157554E-9
5.22	2.564446246137945E-7 +3.334856390873807E-9	0.000011732411929154262 +3.3378939425826226E-9
5.23	2.099071665455725E-8 -1.204562915737025E-9	0.000045819506390721974 -1.2056643007487168E-9
5.24	1.570434322830907E-7 +1.6615943516993232E-9	7.00069827635835E-6 +1.6631194387615875E-9
5.25	1.9146677830037704E-7 -3.794611237194392E-10	0.00002946567061641232 -3.7981074166172897E-10
5.26	8.719842559946334E-8 -1.9934106070838075E-9	0.000019621558184073565 -1.9952542501023307E-9
5.27	1.7159205059316364E-7 +2.5415626252285644E-11	 -0.00004801396577418186 +2.5439221872110483E-11
5.28	9.398461821143023E-8 -7.738911370331901E-10	0.000023602487980648824 -7.74612340537302E-10
5.29	8.885508019897382E-8 +2.4105197274850828E-11	0.00003718695223740185 +2.4127746566904746E-11
5.3	1.9267074612293476E-7 -7.661797265781872E-10	0.00011015038836708973 -7.668991656854698E-10
5.31	6.694465439607113E-8 -3.11791901509044E-9	0.00009998615811607831 -3.120857789768305E-9
5.32	1.1599175835457303E-7 +2.7548558499476958E-9	 -0.00001738968314544696 +2.757462215526506E-9
5.33	5.086876552906216E-8 +4.0974235763434533E-10	0.00001429992674304601 +4.101314737706851E-10
5.34	7.260931582735524E-8 +1.178962461711221E-9	 -0.00006033850158044313 +1.1800862829278115E-9
5.35	1.9375016685680074E-7 -7.473854076756149E-10	0.00008779517229287294 -7.481005091767532E-10
5.36	1.55960425150557E-7 +1.9700889770797956E-11	 -0.000020763171270935477 +1.9719810231601693E-11
5.37	1.3262717541490727E-7 -7.400560609491337E-10	0.00001678922408940606 -7.407694562740302E-10
5.38	1.6160649141528226E-7 +1.8492698621448295E-11	0.00007422779172774999 +1.8510591602061517E-11
5.39	3.2744267531159964E-7 -7.328314150477609E-10	 -0.00003336171454714497 -7.335431204111483E-10
5.4	3.048344296985306E-7 +3.750124840810806E-9	3.007189693309758E-6 +3.753780390220026E-9
5.41	3.2393381106717074E-7 +3.8793566845325725E-10	 -0.002948544887677447 +3.8831522321155785E-10
5.42	9.197546178172531E-8 +3.853038931346045E-10	 -0.001439841650331438 +3.856822685878646E-10
5.43	9.280259721183231E-8 +4.053962536852669E-9	0.0010600600111327248 +4.057958313107626E-9
5.44	1.603517629460098E-7 -1.080320992494286E-9	 -0.00013624934709986924 -1.081389735228624E-9
5.45	1.562599352298464E-7 -1.0748656564303835E-9	0.0011659940433669698 -1.0759329171914021E-9
5.46	1.1967100758906949E-8 +3.749774277428886E-10	0.001253705085371461 +3.753511203912493E-10
5.47	9.802312101109472E-8 -3.4581330980313234E-10	 -0.0005244444878298037 -3.46159202421346E-10
5.48	4.817619930640325E-7 -1.0587323055675466E-9	 -0.0011266414809891026 -1.059795158104302E-9
5.49	9.043190137466202E-8 +1.7883070655852097E-9	 -0.00008342713169579636 +1.7901088934920602E-9
5.5	3.1568391568304863E-7 -1.7547322848053565E-9	 -0.000016432544032130426 -1.75650673400712E-9
5.51	2.9463588559876907E-7 +4.57884996536854E-9	0.0005072646535158701 +4.583497126549093E-9
5.52	5.3360230999209705E-8 -1.7366614308527705E-9	 -0.0008580753828642561 -1.7384304080716688E-9
5.53	1.5478265372284686E-7 +1.0527747272674809E-9	0.00104887266275 +1.0538509829088382E-9
5.54	3.0539854010300955E-7 -3.361159861346533E-10	0.00329491454662637 -3.364608432801925E-10
5.55	1.5067890152059352E-7 +1.0405009188539399E-9	0.0005851202332657387 +1.0415723389067686E-9
5.56	2.4697313468398835E-7 -2.385214165786257E-9	0.0005375493032844319 -2.3876791214132955E-9
5.57	2.1332635082284536E-9 -3.320954958308321E-10	0.00007441686516653202 -3.3243993007747047E-10
5.58	4.94302201803765E-8 -3.307728304158328E-10	 -0.001362922934025282 -3.311171264239213E-10
5.59	3.875413757146749E-7 +4.381351846777032E-9	 -0.000469611692898929 +4.385928692963576E-9
5.6	1.3177069035918976E-7 -3.6750178862487524E-9	 -0.0004233125775270023 -3.678870636826517E-9
5.61	3.166723948416566E-7 +2.3363377694560733E-9	 -0.0006202630720582436 +2.338795858150007E-9
5.62	2.3571275341459517E-7 +1.6611808429588557E-9	0.0015718379990359052 +1.662934830714605E-9
5.63	3.374220232933146E-7 -2.3004644087549564E-9	0.0003564896794046035 -2.302902051949992E-9
5.64	 -3.128684090404055E-8 +1.642664971245758E-9	 -0.0016868360061279316 +1.6444117819759756E-9
5.65	1.6261652107190188E-8 -3.217515609963882E-10	0.0018370804525707845 -3.220949267871979E-10
5.66	2.423334853608173E-7 +2.2727160731666183E-9	0.0010684192484162664 +2.275150060608819E-9
5.67	6.887214788599117E-8 -9.641258488791035E-10	 -0.0017468559381181117 -9.651620425958044E-10
5.68	2.635431970761433E-7 -9.594849208104313E-10	0.0015994782826240866 -9.605197692736847E-10
5.69	4.1147605934889316E-7 +2.235619062394726E-9	0.00010464174269065585 +2.2380387822942477E-9
5.7	 -3.344135700865957E-8 -3.4892790886210883E-9	0.00039289878201084657 -3.493068999566749E-9
5.71	1.5144151335435808E-7 +9.484930862365549E-10	0.001805377397530534 +9.495269202118344E-10
5.72	4.319665623387226E-7 +9.430874083565124E-10	 -0.0018676420967446354 +9.44118955897497E-10
5.73	2.315027919158402E-7 +9.37720167918395E-10	 -0.001200146709901741 +9.387494361676522E-10
5.74	5.341624334623365E-8 +2.7970794385078737E-9	0.0008145900841896037 +2.8001603235488788E-9
5.75	1.3538659707726898E-7 -1.5461975992214332E-9	0.002025588116842519 -1.5479066242621795E-9
5.76	1.9891234614988207E-7 -2.1536956694032695E-9	0.0012752301606998048 -2.1560844588914687E-9
5.77	1.8621097579112016E-7 +2.752372425865077E-9	0.002136860750713115 +2.7554358578275267E-9
5.78	 -1.7808167319378332E-8 -2.7410078764902775E-9	 -0.0013557446314699198 -2.7440692492499376E-9
5.79	3.4651374023639987E-7 -3.0488059208616964E-10	 -0.00033363626382273043 -3.0522228659509436E-10
5.8	2.3037674536765362E-7 -9.061965161864997E-10	 -0.0031282352323692654 -9.072156478848425E-10
5.81	1.602329470423919E-7 +3.293559017245189E-9	 -0.0011374093117908573 +3.2972758283670456E-9
5.82	2.8772443114475107E-7 +1.4873631539823373E-9	0.0015163448575439933 +1.4890474429713501E-9
5.83	1.1698851612554453E-7 +8.860895012298839E-10	0.0008137837013253846 +8.870963614151038E-10
5.84	1.2565309372415934E-7 +1.4712890097898568E-9	0.0005333925830970859 +1.4729665734107342E-9
5.85	1.2359544354223072E-7 -2.6466652806898517E-9	 -0.0005256179628382277 -2.649693357697141E-9
5.86	1.8784513671292827E-7 -2.9698675385834625E-10	0.0012133773048682778 -2.97327702782722E-10
5.87	2.2418699443362666E-7 -1.458206033003456E-9	0.0020947158315438915 -1.459885815137879E-9
5.88	6.560011595663835E-8 -8.72992011952664E-10	 -0.0010364117043027193 -8.740010874014653E-10
5.89	1.7819370841439026E-7 -3.745250936698123E-9	0.000996481466433739 -3.749594749321735E-9
5.9	2.2828237328448502E-7 -2.9262724562289826E-10	 -0.0009072421026680195 -2.9296779431046035E-10
5.91	1.810093719027632E-7 +1.9861845066367253E-9	 -0.0005880523243983286 +1.9885038008107945E-9
5.92	1.6625013030433263E-7 +8.426181539663074E-10	0.0017993952150216382 +8.436054249415467E-10
5.93	1.8295413579178583E-7 -4.235258794233905E-9	0.0015082603684854127 -4.24023791137954E-9
5.94	1.5985947735922915E-7 +2.724736593768709E-10	0.000980041665029687 +2.727950707799812E-10
5.95	1.3332153777675422E-7 -2.873259656552807E-10	0.00007187708986841108 -2.8766603973846027E-10
5.96	3.196504115555433E-7 +5.265891114324399E-9	0.0013217415838527003 +5.272144712731205E-9
5.97	2.0060550580351615E-7 -4.152268129144039E-9	0.0008363832362339996 -4.157215796718188E-9
5.98	1.8768222294814524E-7 -1.3835482225698117E-9	0.000048950426218054954 -1.3852023310816038E-9
5.99	2.4533374522030095E-7 -1.9239409576929958E-9	0.0015474414123643867 -1.92624883959593E-9
6.	1.6267920041509907E-7 -1.3705486913737565E-9	0.0006918014012255837 -1.3721982434746386E-9
6.01	6.552487421787292E-8 +2.4261759770988616E-9	0.00043941970201899494 +2.429105798731247E-9
6.02	1.4314041626069712E-7 -8.189438618515885E-10	 -0.0016846146276929242 -8.199361045849859E-10
6.03	2.395695320147853E-7 -2.791709505457952E-10	 -0.0009121314274209537 -2.7951032295913677E-10
6.04	3.5594117809557277E-7 +1.8555745027657487E-9	 -0.0005415262996364247 +1.8578377126805327E-9
6.05	3.041234206362046E-7 -2.771926160010115E-10	 -0.0025692246064844917 -2.7753182381464324E-10
6.06	4.784573851187208E-7 +1.8364759126014456E-9	0.0018691020136103545 +1.8387306958786567E-9
6.07	2.511035222386016E-7 -3.4286269062537702E-9	0.00031447982844615244 -3.43285040930339E-9
6.08	2.9888083369550494E-7 -2.742688982792003E-10	 -0.002502895074618057 -2.746078671398572E-10
6.09	4.369278527789262E-7 +7.674977033325867E-10	 -0.0007682447800787199 +7.684493782792534E-10
6.1	1.824323895241967E-7 +1.7990337728575934E-9	0.0006689097184246546 +1.8012718592047675E-9
6.11	2.3441261389591627E-7 -2.713966237173139E-10	 -0.000705947353466214 -2.717353630277215E-10
6.12	1.968022094918827E-7 -2.7045042466727344E-10	0.0028115489785420777 -2.7078908952845337E-10
6.13	1.9851018580370523E-7 -1.2900629863162891E-9	 -0.0008456360004324188 -1.291683722690872E-9
6.14	1.6232805756367773E-7 +2.3921181910932323E-10	 -0.00036849170347266037 +2.3951332845766817E-10
6.15	3.461573972648087E-7 -1.2782696915253205E-9	 -0.00023569421679465246 -1.2798861145259963E-9
6.16	4.41508617583437E-7 +7.38988249669437E-10	 -0.0018280330975886515 +7.399257731407188E-10
6.17	1.6348721171905507E-7 +7.350230408160485E-10	 -6.314198958324157E-6 +7.359585657531057E-10
6.18	2.3500102170399055E-7 -1.758846268024636E-9	0.0014795066894224519 -1.7610921649240756E-9
6.19	3.6277512917961385E-7 +2.7094728652337505E-9	 -0.0007476205252685388 +2.712943844232075E-9
6.2	2.368576388191825E-7 +3.189185656062381E-9	0.002815625474568151 +3.193284392215543E-9
6.21	2.641717568647234E-7 -1.24378010687187E-9	 -0.0008614506272903309 -1.2453837749672909E-9
6.22	3.210457516952711E-7 -2.2150310247627554E-9	 -0.0006324155228267298 -2.217896186664702E-9
6.23	2.5224624127733677E-7 -2.603985787784212E-10	0.00008146010681760647 -2.607364912271939E-10
6.24	3.5268877451454934E-7 -1.2270215843668746E-9	 -0.00021897560584125972 -1.228618977362572E-9
6.25	2.0570947480404423E-7 +7.04228193717533E-10	 -0.0028143588768740654 +7.05147933016383E-10
6.26	2.917866287025053E-7 -2.174281973382512E-9	 -0.0006602525495993547 -2.177130739141699E-9
6.27	1.9463422518128937E-7 -1.6874161227136297E-9	0.000339569620370673 -1.6896340657848235E-9
6.28	1.287238746870032E-7 -2.560363148655901E-10	 -0.0012930562421878996 -2.5637392454158744E-10
6.29	3.240243978973888E-7 -2.5517870780910005E-10	 -0.00014332489384064165 -2.555162597949299E-10
6.3	3.0966570450261683E-7 +2.1573057593582514E-10	 -0.000723438465194527 +2.1601685438665064E-10
6.31	2.993483839738339E-7 +2.1434623497550263E-10	0.0005370272716028787 +2.146315806871237E-10
6.32	4.546364177965895E-7 +1.1441834458091375E-9	 -0.0010629028501196241 +1.1457114604154129E-9
6.33	1.115174770634271E-7 +2.1160543349950596E-10	0.0004928663477762206 +2.118889203001504E-10
6.34	4.5406787623707914E-7 +6.714605097409293E-10	0.002072858587246805 +6.7236290856135E-10
6.35	2.546417771622213E-7 +3.4221476156990276E-9	0.0004230480647764681 +3.4267612868745477E-9
6.36	1.9563761784242901E-7 -1.619926610947992E-9	0.0008208524920995067 -1.6221174523650705E-9
6.37	1.72634535210313E-7 -2.067382175863819E-9	 -0.001492235376625112 -2.0701869760529423E-9
6.38	3.168922404483965E-7 +2.4678490161220934E-9	0.00013072343174119142 +2.4712076538700665E-9
6.39	2.7925259957926214E-7 -6.973288765824442E-10	 -0.0009582617534228439 -6.982808909763428E-10
6.4	3.219931999056926E-7 +3.340786868320654E-9	0.000045822402285011776 +3.345362107420633E-9
6.41	1.3105812336612468E-7 +6.472627226722949E-10	0.002234965727470555 +6.481519292404946E-10
6.42	3.0517438597565124E-7 +6.438938367868715E-10	0.0010744305410810284 +6.447811792462063E-10
6.43	1.6214717443627133E-7 +1.0826528281502171E-9	 -0.0028957493128626975 +1.084149473953624E-9
6.44	1.0116845369675838E-7 -1.5630254810538257E-9	 -0.0011892281812248694 -1.5651929186331192E-9
6.45	1.5039754186074315E-7 -3.746131123158504E-9	0.0020620847018546083 -3.751342016042895E-9
6.46	1.8187106181560213E-7 +1.066604080619918E-9	0.00015598176773639553 +1.0680923411230032E-9
6.47	4.0533451110773226E-7 -6.744922364787032E-10	0.0019781926182436864 -6.754362911263906E-10
6.48	1.817311954255274E-7 -1.103660725443052E-9	 -0.0006589323544635252 -1.1052102489112866E-9
6.49	3.7234517928178923E-7 +2.3407116070284064E-9	0.0005603452386727288 +2.344008089739155E-9
6.5	2.4560858104518114E-7 +2.3295807627149894E-9	0.000049274410515551975 +2.3328716948599445E-9
6.51	2.4277746404179734E-7 +1.8852045932883906E-10	0.000040527670650876474 +1.8878759744198626E-10
6.52	1.9935375477147047E-7 +1.8834833820533517E-9	 -0.0021723220384278308 +1.8861605358307404E-9
6.53	1.986456363022592E-7 +1.86121262625418E-10	0.0009484608057964241 +1.863866251766725E-10
6.54	3.87255065940432E-7 +1.445417547886744E-9	0.0006161678576732912 +1.4474846743642293E-9
6.55	4.686857877273993E-7 +6.019923304245545E-10	0.0014615668152889274 +6.028558908644939E-10
6.56	3.1089283917632804E-7 -1.0664040027102645E-9	0.00008068111929804689 -1.0679384415322872E-9
6.57	7.939263784666966E-8 -1.0618715746587163E-9	0.000488709041322695 -1.063404157010783E-9
6.58	4.0827359534297873E-7 +1.8304259162023527E-9	0.0017815330418700255 +1.8330757948398295E-9
6.59	2.634253190889366E-7 -3.516881343922781E-9	 -0.000190693833173083 -3.5219881755807073E-9
6.6	3.4700786954999785E-7 +9.955689513391405E-10	 -0.0025790986924979125 +9.97019001979767E-10
6.61	3.183725757101759E-7 -1.4509573577601605E-9	 -0.0017461130217921233 -1.4530770972070176E-9
6.62	3.2089976726907746E-7 -2.294002424441334E-10	 -0.0005799387182310898 -2.2973639446442394E-10
6.63	2.651077516525725E-7 -2.286892268044725E-10	0.000028451654132924076 -2.2902535086339704E-10
6.64	3.571450259153574E-7 +9.763793764629577E-10	 -0.00004568832132758029 +9.77818779968552E-10
6.65	3.6518228006975227E-7 -2.2727852416415734E-10	 -0.0006352984188014134 -2.2761459471361753E-10
6.66	4.828684217904487E-7 +2.1604982412761086E-9	0.00018571447195949142 +2.1637025334322588E-9
6.67	5.171907233674304E-7 +2.1504685920397633E-9	 -0.002579647478969849 +2.153667601105943E-9
6.68	4.853779613624822E-7 +2.1404994000776545E-9	 -0.0009255949577683016 +2.1436931411523966E-9
6.69	2.4812104226367844E-7 -1.7945629577720835E-9	 -0.0003989054072098531 -1.7972485716581549E-9
6.7	4.4727960357704433E-7 +2.1207405840589794E-9	 -0.000663450840624625 +2.1239238341798468E-9
6.71	2.6802441694868587E-7 -3.3352487461572994E-9	0.0001804313257699269 -3.3402699500286147E-9
6.72	4.3482507681734133E-7 +5.521012489631879E-10	 -0.0005762475164793294 +5.529349163956074E-10
6.73	3.7636407425991447E-7 -2.21782892008533E-10	0.000048615890399880164 -2.2211878017800397E-10
6.74	4.0236021500614125E-7 +2.4657689576888224E-9	 -0.00083541358384625 +2.46951445671713E-9
6.75	2.445035034026188E-7 -2.1311240261408335E-9	 -0.0007129461704380446 -2.13437082036958E-9
6.76	3.790871656090328E-7 -1.3611058104142918E-9	0.0009401707070485035 -1.3631856256491597E-9
6.77	4.636930776137483E-7 +1.2959091184633087E-9	 -0.0006448961167225038 +1.2978951783543125E-9
6.78	3.3126772054688276E-7 -2.4809622065613244E-9	0.0006011956072640074 -2.4847756822131424E-9
6.79	3.678736475278667E-7 +2.410120596993612E-9	 -0.0017159129569524498 +2.4138361268006494E-9
6.8	3.592277908881914E-7 -1.338451776491994E-9	 -0.000349114417696649 -1.3405212695196206E-9
6.81	4.341247690549439E-7 +1.6440820710645598E-9	 -0.0009522365969134912 +1.646631612761118E-9
6.82	4.1717689319503493E-7 +1.5461415641405528E-10	0.000026587337450328722 +1.5485462779429894E-10
6.83	3.078690198250384E-7 +1.6290602216607211E-9	0.0003391578632364077 +1.6316013402269018E-9
6.84	3.318383589969555E-7 +3.09058230811099E-9	0.00040418801652490567 +3.09541734612468E-9
6.85	5.11441140500008E-7 +1.516759393444702E-10	0.001628762438175331 +1.5191392249278905E-10
6.86	4.827728190548441E-7 +1.5070882168503174E-10	 -0.00021972995709255107 +1.5094597886121198E-10
6.87	2.50836300800209E-7 +3.049340590762593E-9	 -0.0013064395668780863 +3.054153079994267E-9
6.88	3.143824450809781E-7 -5.72947498226E-10	0.0011302433959717408 -5.738543641098016E-10
6.89	3.8260178788126115E-7 +8.664442883422036E-10	0.0016200653852546632 +8.678196960286035E-10
6.9	3.295167727157133E-7 -1.999536776712587E-9	0.000352458373807049 -2.0027201014138422E-9
6.91	3.058823928633366E-7 +2.9954661120274483E-9	 -0.0005101015988349933 +3.0002488310737733E-9
6.92	2.547494722825326E-7 +8.543221457182933E-10	 -0.00015832393687539344 +8.556901555593164E-10
6.93	3.9190692554577116E-7 -5.621160629759818E-10	 -0.0009602889073642439 -5.630187741932226E-10
6.94	2.536694978516607E-7 -2.669502958740501E-9	 -0.00014335717132759647 -2.6738023476184047E-9
6.95	4.161009088563703E-7 +2.242691991200091E-9	0.0017319600867543377 +2.2463144014256235E-9
6.96	3.167425480417781E-7 -2.6471348222393513E-9	 -0.0005309708943983609 -2.6514228139796514E-9
6.97	2.935417297875473E-7 +1.404612270104853E-10	 -9.495849027458732E-6 +1.4068940955851739E-10
6.98	4.4583149800743096E-7 +8.307101841549875E-10	 -0.00007424199328751354 +8.320635705434144E-10
6.99	4.2921793776797667E-7 +1.3867235755789334E-10	 -0.00034500728428362755 +1.3889892979313523E-10
7.	3.236055529551204E-7 -1.9179210902870735E-9	 -0.0002905278689116518 -1.921063698704674E-9
7.01	4.6969086621697054E-7 +1.3690552094715124E-10	 -0.00017232246190490984 +1.3713048932144056E-10
7.02	3.7401597262908545E-7 +1.3603026537284322E-10	 -0.00030360268341930215 +1.3625443422094827E-10
7.03	4.203851952305976E-7 +1.4881520193456139E-9	0.0007290557800600978 +1.4906113926743118E-9
7.04	2.94005433134872E-7 -3.907397260635343E-9	0.00003623268783472769 -3.9138731648807505E-9
7.05	3.414065422138837E-7 -5.373148860095342E-10	0.0011957904174793115 -5.382079357781521E-10
7.06	2.7121610123180693E-7 -2.53903246071952E-9	 -0.0010774245510034503 -2.543264476082535E-9
7.07	3.109414497733572E-7 -3.858698751869646E-9	0.0014901535210553986 -3.8651486121741535E-9
7.08	4.142736034711763E-7 +1.308905203327851E-10	 -0.0007707042840923737 +1.3110992524332562E-10
7.09	3.9339030982537893E-7 -1.188861061135533E-9	 -0.0007209438552590822 -1.190859524705669E-9
7.1	3.9646171764481413E-7 +2.099236562745507E-9	 -0.00018938091994342627 +2.1027753281472926E-9
7.11	4.2348909959047075E-7 +1.2839078458263777E-10	0.00047448265523910405 +1.286078285799726E-10
7.12	3.913873488020019E-7 -5.235835389086253E-10	0.00021101226806447609 -5.244711479753969E-10
7.13	4.877616174991527E-7 +1.2674958465489623E-10	0.0005538131435453461 +1.2696506238786856E-10
7.14	4.00980198904748E-7 -2.456829911506616E-9	 -0.001737142151768012 -2.461018323011454E-9
7.15	4.750967969323904E-7 -5.178563706487023E-10	0.00011481288294977208 -5.187416906458383E-10
7.16	3.074729038290671E-7 -5.159678139043889E-10	 -0.00012170067278534419 -5.168523764816933E-10
7.17	3.093108168278141E-7 -4.977401148032528E-9	0.00036348586232398466 -4.985958155317942E-9
7.18	3.785963595301264E-7 +7.576870102645233E-10	0.0014883048757686386 +7.589932434683154E-10
7.19	4.3241403794261847E-7 +1.3865579255406206E-9	0.00015211389730514685 +1.3889549851313435E-9
7.2	2.507204623338179E-7 -1.1381886011975728E-9	0.00018870301803249108 -1.1401617657373503E-9
7.21	4.485602573822689E-7 +3.88271992754725E-9	 -0.00030208700052277755 +3.889469740185606E-9
7.22	4.5248207801183454E-7 +1.1960628193806315E-10	0.0002849688031026879 +1.1981478601769886E-10
7.23	4.6391711436997325E-7 -1.7467559502294361E-9	 -0.0009417472805700476 -1.7498094370287236E-9
7.24	5.128846317524625E-7 +3.8338072610588245E-9	0.00036028076183924895 +3.840527669670293E-9
7.25	5.202305178247318E-7 +3.200954481922584E-9	 -0.00021331218368703518 +3.20658106629315E-9
7.26	5.064030440743644E-7 +1.959101315871024E-9	0.00039505369624256065 +1.9625545061949117E-9
7.27	4.042335535603814E-7 +1.339102397935652E-9	 -0.00025859978862601766 +1.3414692659582175E-9
7.28	4.387032653859798E-7 -3.5397328422673306E-9	0.0004607134143565485 -3.5460065709538543E-9
7.29	4.433142335200399E-7 -4.923138722456467E-10	 -0.00023185558012528418 -4.931888372385155E-10
7.3	4.6787575795574575E-7 -4.905610505370036E-10	 -0.0008612866181191816 -4.914352960064035E-10
7.31	3.967478116245965E-7 +7.144988446824249E-10	0.000033079157432254116 +7.157756713733845E-10
7.32	4.420379582370515E-7 -1.685471440746122E-9	0.0001314924083188813 -1.6884916726470748E-9
7.33	4.3144828773030757E-7 +7.081298958209636E-10	 -0.00027244061716710685 +7.094022812094916E-10
7.34	4.793681145858702E-7 -2.8608676807785005E-9	 -0.00026535432459906115 -2.8660222069711013E-9
7.35	4.816784963976614E-7 -4.819338752162381E-10	 -0.0006778175729072733 -4.828045622127307E-10
7.36	4.1109891800193437E-7 +1.0923656949079439E-10	0.000923542779411769 +1.094344598678861E-10
7.37	4.282706111393121E-7 -4.785457748756069E-10	 -0.0009493297813797333 -4.794150565536566E-10
7.38	5.423151708117546E-7 +6.925142833780703E-10	0.00009925838782641625 +6.93775659467535E-10
7.39	5.104150509985764E-7 +6.894427958672834E-10	0.0021029047489304485 +6.907019860313982E-10
7.4	4.1693852242335396E-7 -2.2134058435027478E-9	0.0014706134619473232 -2.2174593397344004E-9
7.41	5.126127702068414E-7 -2.782324740716677E-9	 -0.0004854618261173595 -2.7874339135116663E-9
7.42	4.559387047333142E-7 +6.80329498854559E-10	 -0.00003853234064595031 +6.815821627124217E-10
7.43	3.777384312831634E-7 -2.1874639680110065E-9	0.00041247472642503956 -2.1915025327438355E-9
7.44	5.696994441627288E-7 +1.0368795732353519E-10	0.0003338878103083634 +1.0387990540811053E-10
7.45	5.017506307720194E-7 -1.6020461573634903E-9	0.00025419338147285254 -1.60501986483613E-9
7.46	5.039462362472275E-7 +1.0234128280613642E-10	0.0002293491425375662 +1.0253175880872157E-10
7.47	5.029954121693191E-7 +1.0167386418473232E-10	0.0006010869236040098 +1.0186360614116115E-10
7.48	5.174659239375817E-7 +1.2240856448034766E-9	0.000249415492381407 +1.226376137584883E-9
7.49	3.692424691600401E-7 +1.0035072806121616E-10	0.0009088360023983771 +1.005390058881322E-10
7.5	4.246057285526048E-7 -4.5735956591312306E-10	 -0.00034027711942662283 -4.582199579779918E-10
7.51	6.027118586273529E-7 +3.982858893667634E-9	 -0.001252896277784893 +3.990371523438895E-9
7.52	5.307357342745591E-7 +6.510138443754682E-10	 -0.000998731212037969 +6.522450885526996E-10
7.53	5.819668208080959E-7 -4.5266833362215205E-10	0.00004724895357757877 -4.5352673309855726E-10
7.54	6.500447745515379E-7 +1.1935706267714743E-9	 -0.0001222990280632951 +1.1958400280007326E-9
7.55	5.159612033754389E-7 +9.647300423070351E-11	 -0.0010717017949896553 +9.665692097636197E-11
7.56	5.053839799984416E-7 -1.5358244423410875E-9	 -0.0003452492162176036 -1.5387601163702048E-9
7.57	4.4351943141986406E-7 -9.882579530210665E-10	 -0.0005062890443736233 -9.901519786031242E-10
7.58	5.129139029552082E-7 +9.458443273640259E-11	0.00022742099416409134 +9.47661863016354E-11
7.59	5.652288255878038E-7 +1.16888257782361E-9	0.0006277274320799127 +1.1711346401359834E-9
7.6	5.161597021730847E-7 +1.1640236875550115E-9	 -0.000320930918950016 +1.1662723075670123E-9
7.61	5.037758828368371E-7 +1.6924217141366554E-9	 -0.00016022007662602137 +1.6956996924471629E-9
7.62	4.676539701988615E-7 -4.3901618158292647E-10	0.0007129208199111652 -4.3986873136975007E-10
7.63	4.772926708348543E-7 +9.150897124211112E-11	0.0005273219801290872 +9.168714475217219E-11
7.64	5.399884059897886E-7 +6.178746447041663E-10	0.0009130317759197875 +6.190808426562376E-10
7.65	4.79364290286968E-7 -9.5950646631155E-10	0.0007776640838225527 -9.613845000176057E-10
7.66	5.143089020344228E-7 -1.4788457314651705E-9	 -0.0008682828438374464 -1.4817478432021124E-9
7.67	5.785584573071969E-7 +8.9111798499652E-11	0.0003788353829410998 +8.928713033072348E-11
7.68	5.631101845227493E-7 +8.852108648614934E-11	 -0.00007102762269592286 +8.869571096464794E-11
7.69	6.261202985216288E-7 -4.2881746530760815E-10	 -0.00037409260706108735 -4.2966559488253125E-10
7.7	5.615548917392987E-7 +1.1168281915178958E-9	 -0.0010052941985539594 +1.1190428460974057E-9
7.71	6.100690023281964E-7 +1.1122443664899826E-9	0.000244681590051717 +1.114455669567491E-9
7.72	5.477871093683428E-7 -2.978286260577484E-9	 -0.0017022605059345871 -2.984222910759536E-9
7.73	5.981715494945766E-7 -1.9494437618159055E-9	 -0.000227066543320436 -1.9533396926769122E-9
7.74	6.3801131962767E-7 +8.504712564745376E-11	 -0.0010688832476693766 +8.521753139051192E-11
7.75	6.589301472525188E-7 +1.0941478807144835E-9	 -0.0005457057157703578 +1.0963458580974145E-9
7.76	6.380777737949419E-7 +1.0896826905886574E-9	 -0.00025026207548724716 +1.0918773564694056E-9
7.77	7.285126089216107E-7 +2.588070402756402E-9	0.00012439425421146349 +2.5932963397440823E-9
7.78	4.0964642390985385E-7 +5.818092283523277E-10	 -0.0002830438653023537 +5.829870701825976E-10
7.79	5.859915211835363E-7 +5.793339650138567E-10	 -0.0008265169967576942 +5.80509815793685E-10
7.8	5.308842345483653E-7 +1.5672345505464615E-9	 -0.0006105837732219596 +1.5704236836108184E-9
7.81	6.49370552655118E-7 +1.067702780466981E-9	 -0.00040498219359653406 +1.06988100684356E-9
7.82	5.39750328909105E-7 -2.867738848571418E-9	0.001048716929080616 -2.8736043455065277E-9
7.83	6.65958289666243E-7 +5.69561913433641E-10	0.00044148266251521883 +5.707298447606817E-10
7.84	5.8168685065404E-7 +5.671507356047089E-10	0.0003345910605082315 +5.683166981677304E-10
7.85	4.99347903668321E-7 -1.8641136187233767E-9	0.0006984321714448335 -1.867955702350261E-9
7.86	3.6422192103465794E-7 -2.34115482860794E-9	 -0.00024405167238333652 -2.345992445697517E-9
7.87	5.866662004589468E-7 +7.791576549130882E-11	 -0.0009184931091460334 +7.807717615032131E-11
7.88	7.255046694109734E-7 +7.7388642747977E-11	 -0.00009815569951696387 +7.754936951647514E-11
7.89	4.831116474111628E-7 -1.8368047970001912E-9	0.0011393082582900305 -1.8406293149607207E-9
7.9	5.421054201751421E-7 -2.3066646621672447E-9	0.001115122028917565 -2.3114796975759078E-9
7.91	5.879063522755772E-7 -3.9897004987157275E-10	0.0004982397588580372 -3.998049898388644E-10
7.92	6.29327520005905E-7 -3.9768798959519217E-10	 -0.000875425579925638 -3.9852235440059255E-10
7.93	6.739188078368156E-7 +3.844470547133256E-9	0.00016694879830041556 +3.852556797841371E-9
7.94	6.692044657349335E-7 +1.013147031199426E-9	0.0000987873702163816 +1.0152834132631203E-9
7.95	8.177487100308806E-7 +7.378065994932027E-11	 -0.0010441995066904147 +7.393663078141316E-11
7.96	6.348482312685317E-7 -8.585188583539614E-10	0.0002459996349841731 -8.603383234415041E-10
7.97	6.951138834244409E-7 -3.913694928141642E-10	0.0006193567568267874 -3.9220101247251063E-10
7.98	7.370605306665244E-7 -8.525249894845097E-10	 -0.0006654859424307452 -8.543408520180608E-10
7.99	6.369957956335551E-7 -8.495501012613064E-10	 -0.00008037715160311462 -8.513641701774104E-10
8.	7.554566010454705E-7 +9.891674024015644E-10	 -0.00043429366569482764 +9.912848962555881E-10
8.01	7.326981693301638E-7 -2.672529350365745E-9	0.000753181944800316 -2.6782647154354343E-9
8.02	6.498529932775488E-7 -8.407125426774336E-10	0.0004805139949934511 -8.425212611704854E-10
8.03	6.613249173302325E-7 -2.653039680446505E-9	0.0002842026030154759 -2.6587617181825666E-9
8.04	6.715927582945369E-7 +6.934473109031189E-11	0.00026003093778167904 +6.94946659489383E-11
8.05	6.160469073140322E-7 +2.771472996690895E-9	 -0.0001783452056458743 +2.7774803147931987E-9
8.06	5.753746247844699E-7 -2.175405773256552E-9	 -0.0007979367943794049 -2.1801328183775334E-9
8.07	8.563944104648894E-7 +1.8562808419528727E-9	 -0.0010678619147704972 +1.860324471030819E-9
8.08	5.231219046419465E-7 +2.294605247977823E-9	 -0.000399899196130112 +2.299616109905377E-9
8.09	6.259571852785518E-7 -1.7081511640163876E-9	 -0.00024698432173198416 -1.7118906012755538E-9
8.1	7.285778467449846E-7 +9.507855937358996E-10	0.0002968386989615973 +9.528721817717702E-10
8.11	7.961214823513661E-7 +6.604469178821468E-11	 -0.00047266069961648537 +6.618999154456536E-11
8.12	7.663518244027255E-7 +1.382215348477206E-9	 -0.0007465200678401136 +1.3852637643082422E-9
8.13	7.315342255904195E-7 -3.72133550829291E-10	 -0.000501523865244314 -3.729563001589013E-10
8.14	9.493989091845799E-7 +1.371612555141009E-9	 -0.0006658322513936177 +1.374652523492848E-9
8.15	7.857260631756919E-7 +1.8003955578705771E-9	 -0.0009146132394132816 +1.8043956789225012E-9
8.16	7.23138233145922E-7 -1.2335857662196385E-9	0.00008818230860238482 -1.2363332860506882E-9
8.17	7.527339697069826E-7 -7.984099456956564E-10	 -0.00011190874344732845 -8.001925806010591E-10
8.18	6.886141690116615E-7 +6.286966746053131E-11	 -0.00014833448188537827 +6.301038275793925E-11
8.19	7.449703313492743E-7 -7.929974837175054E-10	0.0005248213234696979 -7.94776722941391E-10
8.2	6.539021163226371E-7 -3.6416296504057655E-10	0.0002485528013749074 -3.649820319923713E-10
8.21	5.876434209363247E-7 -1.212227823208114E-9	0.001159726882881976 -1.214960999694765E-9
8.22	7.147316267719361E-7 -1.631059989597406E-9	0.00007064372807290224 -1.6347464695525426E-9
8.23	7.578196609167073E-7 +4.821762655424823E-10	0.00011781516035482666 +4.832687241769877E-10
8.24	7.914852304751278E-7 -7.796906312741152E-10	0.000633789134505386 -7.814614635851846E-10
8.25	6.752173210021216E-7 -2.0323890093341128E-9	 -0.0010940154806588806 -2.0370161918578583E-9
8.26	7.11697781399481E-7 -1.6082991303325832E-9	0.0002924603840891972 -1.6119696708059822E-9
8.27	7.329364185200877E-7 +5.896240215901566E-11	 -0.0004797003372495375 +5.909729549149333E-11
8.28	8.256532705925363E-7 +1.3002561647567828E-9	4.569270549415738E-6 +1.303238078615163E-9
8.29	8.635528806272069E-7 +5.811984120550475E-11	 -0.0008283092703533367 +5.825345158023733E-11
8.3	7.364969902752178E-7 +2.9341296175108196E-9	0.00005230835065335499 +2.940891122719727E-9
8.31	7.668428662765546E-7 +5.728637900748088E-11	0.00046309884221310915 +5.741871029347911E-11
8.32	8.552517066896648E-7 +5.6873025054142785E-11	0.00043562856674523367 +5.700471823963821E-11
8.33	7.739581738624784E-7 +4.6295302180805376E-10	 -0.0002323049317356907 +4.6402760107470486E-10
8.34	7.519484705022073E-7 +1.2711416324075125E-9	 -0.00007685715455299605 +1.2740992279701476E-9
8.35	7.174122155599131E-7 +4.592212650911708E-10	0.0003428924836820594 +4.6029231299534717E-10
8.36	8.44781581050753E-7 -2.759649559314568E-9	0.000779841937873858 -2.7661013706379385E-9
8.37	8.565064256850342E-7 +2.058272557617253E-9	 -0.0006284555644695215 +2.063096145359707E-9
8.38	8.506023692478737E-7 +8.529448382498761E-10	 -0.00018399273415070638 +8.549485100338867E-10
8.39	6.931316802491791E-7 -3.924216282156927E-9	 -0.000983657413193576 -3.933456786490784E-9
8.4	8.873575038874318E-7 +4.5005092065984753E-10	 -0.0006443057299981723 +4.5111320374009925E-10
8.41	7.916682831263541E-7 -3.1066847366615047E-9	0.0005751827273046375 -3.1140351275303424E-9
8.42	9.18725857201463E-7 +2.0207863595663294E-9	 -0.0002042688274857314 +2.0255789141286303E-9
8.43	8.842003956664888E-7 +1.2290259482059445E-9	 -0.00032095642172041354 +1.2319476770405348E-9
8.44	8.96626771249329E-7 +1.2244580580629605E-9	 -0.000031945444934283136 +1.227375846087867E-9
8.45	7.872229930314831E-7 -7.271120451099544E-10	 -0.00040326281371065944 -7.288488095344896E-10
8.46	8.737375017736431E-7 -2.27683262032111E-9	0.00030560159439013896 -2.2822839094490857E-9
8.47	7.5285387563579E-7 +8.242342587768282E-10	0.0006860658051413826 +8.262123490077832E-10
8.48	7.901614888320788E-7 -1.4905795366734856E-9	 -0.00043536190488503555 -1.4941652594204065E-9
8.49	8.188573830196859E-7 -2.253357917300683E-9	 -0.000022383129064522747 -2.2587913793695657E-9
8.5	8.577647642377322E-7 -1.097902418185725E-9	0.001079349037554409 -1.1005560087056726E-9
8.51	8.025327389304948E-7 -2.6191101015718033E-9	0.00015781724545991824 -2.6254553177856214E-9
8.52	8.071266414070257E-7 -3.3082115302152757E-10	0.001171356706499359 -3.316245075519049E-10
8.53	7.308795204608032E-7 +1.5628568826605622E-9	 -0.0003024642174988525 +1.566660994681038E-9
8.54	9.68428818421469E-7 +8.027462681642568E-10	0.00022974824563519816 +8.047048030057523E-10
8.55	8.243091174251646E-7 -1.4556051309338903E-9	0.0003140037022906957 -1.4591648384364138E-9
8.56	8.722022305055024E-7 +7.967374896071137E-10	 -0.0002473727804583716 +7.986904909047333E-10
8.57	9.017860152114196E-7 -6.992947840996515E-10	0.0007161291107148894 -7.010129414198104E-10
8.58	9.416260106128768E-7 +2.278616125110582E-9	 -0.0008617747793317044 +2.2842277415900644E-9
8.59	8.105467314947047E-7 +4.651253383650359E-11	0.0004757828184099084 +4.662734914940676E-11
8.6	9.164643091497526E-7 +7.848897296152721E-10	0.0009980784806750173 +7.86831734351064E-10
8.61	9.335369299976634E-7 +1.5181225750002245E-9	0.0004109582024185514 +1.521887524258125E-9
8.62	9.276859726823103E-7 +1.512648139056875E-9	0.0003647321131710315 +1.5164082415816785E-9
8.63	8.820090055518515E-7 -2.148047636319082E-9	0.00028355881329073575 -2.153399610264742E-9
8.64	9.308321538086332E-7 +4.4752143219540536E-11	0.00028745420444533076 +4.486390442289001E-11
8.65	9.281543561377879E-7 -6.815804325032605E-10	0.00002973734083550678 -6.832865161891273E-10
8.66	9.621793108433646E-7 -2.849826642993064E-9	0.0007548660207219284 -2.8569766502947178E-9
8.67	9.801401453749484E-7 +1.4856566194900992E-9	0.0005047535920791941 +1.4893926477714656E-9
8.68	8.620098933912838E-7 +1.4803334228480055E-9	0.00032193775462440464 +1.4840646679065277E-9
8.69	9.589253351207472E-7 +4.3037560428387224E-11	0.0004117858804875141 +4.3146288888800654E-11
8.7	8.863107565401959E-7 -1.3843609449375792E-9	0.0006130658830148537 -1.3878664059986325E-9
8.71	8.792278654928614E-7 -2.0908565754946094E-9	 -0.00004467692480779482 -2.0961632093222946E-9
8.72	8.638194420503471E-7 +4.203022902161062E-11	0.000961536120246154 +4.213714794099379E-11
8.73	9.924923176640732E-7 -6.644956128454344E-10	 -0.00043355744116348025 -6.661898792817171E-10
8.74	9.659867161973225E-7 +4.1367421699784716E-11	0.00034336422294456025 +4.1473138422200754E-11
8.75	9.039537021467199E-7 -6.603194491330171E-10	0.00003292243330734992 -6.620108004935221E-10
8.76	1.0022732310601524E-6 +7.396683538722153E-10	 -0.00025154860620933434 +7.415672891570663E-10
8.77	9.535386122176229E-7 +7.369526865779338E-10	 -0.00037297603450552 +7.388489775635E-10
8.78	8.648085480655464E-7 -2.042499087048359E-9	0.0000317322969981096 -2.0477667546836625E-9
8.79	9.967049639617134E-7 +1.4233775899151421E-9	0.0006165199224112796 +1.427056901880422E-9
8.8	1.043837817894234E-6 -1.3395014718214165E-9	0.00013359729907775814 -1.3429718640016816E-9
8.81	8.366582943819122E-7 -2.022239537437393E-9	 -0.00020975728682199384 -2.0274907029844182E-9
8.82	1.1399507100249036E-6 +7.235615183675848E-10	 -0.0006564848974208972 +7.254446696419376E-10
8.83	1.0041361941114666E-6 +3.846898885005632E-11	0.0002793930593377859 +3.8569336229927576E-11
8.84	9.6154347772881E-7 -6.419805860195751E-10	0.000025750145294136083 -6.436590095817071E-10
8.85	1.0489066708201048E-6 +3.4269975456309804E-9	0.00027027104205554106 +3.4359775544397563E-9
8.86	9.577108465287488E-7 -1.989076378349382E-9	 -2.0445031328495973E-6 -1.9943002995606737E-9
8.87	1.0723573190581966E-6 +3.722372389740744E-11	 -0.0003155519200243328 +3.732170584336581E-11
8.88	1.0201617286569402E-6 -6.340617673125643E-10	 -0.0000859852749268039 -6.357345433190655E-10
8.89	9.800960996202505E-7 +3.6610705789060656E-11	0.000016642214171093252 +3.670750976753797E-11
8.9	1.0426793590180818E-6 -1.9630762325666035E-9	0.0004536407242649484 -1.9682785883982192E-9
8.91	9.251934019234627E-7 +3.6003998096286104E-11	0.0008777828137075023 +3.6099627248935257E-11
8.92	9.950789500702807E-7 +6.976870961661116E-10	0.0004191655336411612 +6.995443696751462E-10
8.93	1.0451725771603108E-6 +4.6537285520798424E-9	 -0.00043078537611946824 +4.666144810044957E-9
8.94	9.440685433732883E-7 +3.510560359618446E-11	0.0001679535522688032 +3.5199476346482E-11
8.95	9.924974577828565E-7 +6.901529100859508E-10	 -0.00020513756061291133 +6.920025225946611E-10
8.96	9.436604428898404E-7 +6.876643026156132E-10	 -0.00006508172932563462 +6.89511371789699E-10
8.97	1.0743697181944164E-6 +3.422099270369447E-11	 -0.00009578925964235539 +3.43131159965998E-11
8.98	1.0045408839897828E-6 -6.148626010452394E-10	0.00008785410507159584 -6.165215156050374E-10
8.99	1.0929849841650811E-6 +1.3268931164261436E-9	 -0.0002650420845476994 +1.3304810954689272E-9
9.	9.520204076596672E-7 -1.900066657193543E-9	 -0.0002545789806994755 -1.9052159754675545E-9
9.01	1.082098423639595E-6 -1.893917813038242E-9	0.0003215408607072984 -1.8990618952330306E-9
9.02	9.228649033772213E-7 -1.8877960147413606E-9	0.00027964458155548965 -1.8929348729945394E-9
9.03	1.0640030986316425E-6 -1.243636689181021E-9	 -0.00035819974221727464 -1.2470295718119335E-9
9.04	1.0303298131054395E-6 +3.220915771639757E-11	0.0004039659495405161 +3.229722555781201E-11
9.05	1.0206115453675683E-6 -1.869591416629724E-9	 -0.00018100900809856654 -1.874714675504247E-9
9.06	1.0607547677763148E-6 -6.000937920786079E-10	0.00034949258229567524 -6.017418758473913E-10
9.07	1.0647074559613057E-6 +1.9203251016735276E-9	0.0005261141382338455 +1.92561070300298E-9
9.08	1.1882333321064262E-6 +1.913807933883377E-9	0.00016138361742487514 +1.91908723503368E-9
9.09	1.1053675961050058E-6 -1.220187013748958E-9	0.00009824049338594367 -1.2235603674023487E-9
9.1	9.83038922889271E-7 -1.8397776283936732E-9	0.0002876189277856156 -1.8448751273863952E-9
9.11	1.10509581035061E-6 +3.026810568910989E-11	0.0007272151357466537 +3.0352154650119326E-11
9.12	1.1075218753620463E-6 +1.8880261363543064E-9	0.0004273080632778466 +1.893280369704197E-9
9.13	1.1153467051338304E-6 +1.2643431196068585E-9	0.00021682473615037957 +1.267869421648027E-9
9.14	1.0841993263999971E-6 +6.447398495160652E-10	 -0.0003246639411061012 +6.465420007616721E-10
9.15	1.1765907520047794E-6 -1.8106073716638497E-9	 -0.00010069442171706449 -1.8156794053885317E-9
9.16	1.0052787952527406E-6 -2.4161064795864737E-9	 -0.00019317563426831703 -2.422889513804512E-9
9.17	1.16288523265161E-6 -2.4083735845064004E-9	 -0.00041894189236565445 -2.4151497007679435E-9
9.18	1.1071800448310871E-6 -1.7934068728924995E-9	0.00018610986275765146 -1.7984637668632633E-9
9.19	1.1256675325857604E-6 -1.1824376152671793E-9	0.00010229443342234811 -1.1857790289750869E-9
9.2	1.2036490509806889E-6 -1.178751550438877E-9	0.00008978809527059605 -1.1820898112035126E-9
9.21	1.1726171470206314E-6 -1.1750812968093965E-9	0.0006911427964395342 -1.178416411998709E-9
9.22	1.1911308053800827E-6 -1.7708172279041894E-9	 -0.00006919982052872236 -1.775854096068462E-9
9.23	1.1978111055449752E-6 +6.245397532849103E-10	 -0.00011650342036280865 +6.263200395163617E-10
9.24	1.254503966189683E-6 -5.686614936452627E-10	0.0005423978678112251 -5.702860150930581E-10
9.25	1.1945459121947082E-6 -5.66984745709877E-10	0.0005252139359362849 -5.686079899453103E-10
9.26	1.1279845103394512E-6 -1.7486133906526823E-9	 -0.00015633251770821144 -1.7536304142901067E-9
9.27	1.088713671774881E-6 +1.2055516712926964E-9	0.0003597503609000796 +1.2090180580596385E-9
9.28	1.1466182956854497E-6 +2.5831759465755657E-11	0.0006468098065408025 +2.5906195462576522E-11
9.29	1.2027172915538728E-6 +6.11512874302421E-10	0.00014395229662985304 +6.132787960304382E-10
9.3	1.0936912957504319E-6 +2.5334434894740374E-11	0.000019901977462192612 +2.5407753279169603E-11
9.31	1.2545348269028451E-6 -1.1392298580024893E-9	0.0004529277880465088 -1.1425339173624755E-9
9.32	1.2413460589649966E-6 +6.051271342150028E-10	0.00011216949103506386 +6.068859361148374E-10
9.33	1.1722004416014897E-6 +2.4597757087026508E-11	 -0.00008249326863720953 +2.466940418841902E-11
9.34	1.1997397401138962E-6 +2.4354652408273372E-11	0.00003807740842763383 +2.442574377666915E-11
9.35	1.199355137541884E-6 +5.98824697551136E-10	0.00038603580988984097 +6.005764207002623E-10
9.36	1.303970461945196E-6 +2.3872082373099677E-11	0.000121205357047487 +2.3942064301404966E-11
9.37	1.1888668399040868E-6 +2.307776958509993E-9	0.0005257024200015318 +2.3145567803054712E-9
9.38	1.2246669140520478E-6 -1.6842354033125113E-9	0.00014804687632540158 -1.6891939578630416E-9
9.39	1.2516308692688147E-6 +1.1579402252631813E-9	 -0.00002060999222584946 +1.1613565985378985E-9
9.4	1.3194880321205144E-6 +4.5475679027486765E-9	 -0.000962865730783775 +4.561013628702093E-9
9.41	1.1985476836192295E-6 +1.714020088358688E-9	0.00008948931184704634 +1.7190987102085267E-9
9.42	1.3713645777805276E-6 +2.270383013117111E-9	0.0003101980076478496 +2.2771244585715378E-9
9.43	1.1943363168248415E-6 -2.218558504267008E-9	 -0.00023790768040359781 -2.2251600818489324E-9
9.44	1.2208132102597557E-6 -3.328498360444385E-9	 -0.000023898231535002668 -3.3384237410013665E-9
9.45	1.2216807860980865E-6 -2.2048087130169546E-9	 -0.0005095345550416738 -2.211397276540339E-9
9.46	1.282073556454735E-6 -2.1979771147576203E-9	0.0001946898866002037 -2.2045591926454195E-9
9.47	1.3080435081747055E-6 +2.1302457319867596E-11	0.0003870166801662991 +2.1366384951543582E-11
9.48	1.3403257789242936E-6 +2.1075762782237783E-11	0.0002986738876173873 +2.1139143960274387E-11
9.49	1.3302099993687214E-6 +2.0850191715115122E-11	0.00020335499292051045 +2.091302708652078E-11
9.5	1.2742331326383767E-6 -5.272646586240269E-10	0.00006056300517798263 -5.288570101996125E-10
9.51	1.325899742394338E-6 -1.6180839498843668E-9	0.00018496185210189515 -1.6229809098566627E-9
9.52	1.392973145028817E-6 +2.197944516520492E-9	0.00032810445644473576 +2.2046103809225354E-9
9.53	1.3230626678848609E-6 -3.779131956099166E-9	0.0002888144843243228 -3.790617328861956E-9
9.54	1.3733685583011483E-6 +1.642800936140056E-9	 -0.00033979603729032226 +1.6478041643662821E-9
9.55	1.3832931718601078E-6 +2.17680469106888E-9	0.00033100941373134075 +2.1834481800340485E-9
9.56	1.3403493310475082E-6 +1.9302132717033834E-11	0.0003409524822473031 +1.936116539440829E-11
9.57	1.317951230290688E-6 -5.168581491810576E-10	 -0.0001233853518124727 -5.184421960685199E-10
9.58	1.363289700651438E-6 +1.8869592614387882E-11	 -0.0006270791280687465 +1.892754452017356E-11
9.59	1.3866280415573716E-6 -5.1393899294052E-10	 -0.00004944709221974706 -5.155206938229134E-10
9.6	1.4176741432139452E-6 +5.493708867622001E-10	 -0.0002852740919997308 +5.510651663347467E-10
9.61	1.4440807029182502E-6 +5.47500915119984E-10	0.0003038149889791671 +5.491929526378535E-10
9.62	1.3855620569234748E-6 -1.0372261020151436E-9	0.0002361544612999414 -1.0404383076717973E-9
9.63	1.4241523360767502E-6 +1.5957407070185797E-9	0.00008840775120267641 +1.6006928828711385E-9
9.64	1.412512571303321E-6 +1.7597288840025206E-11	0.00013263575034359206 +1.765201341416339E-11
9.65	1.3634271548805068E-6 -4.687010683597606E-9	 -0.0002985847870520417 -4.701616792424103E-9
9.66	1.4654202523708456E-6 +1.05935693637557E-9	0.00017813443754890714 +1.0626650615375972E-9
9.67	1.3554227256951923E-6 +1.6975092545743398E-11	 -0.00002544209523960119 +1.7028211787692467E-11
9.68	1.3547226795177871E-6 -1.5368137728678118E-9	0.0003782009710330722 -1.5416328084677847E-9
9.69	1.4330942595582503E-6 +1.0490810846033671E-9	 -0.00042807635398179185 +1.052377532337041E-9
9.7	1.397244238466589E-6 -2.5569438165203226E-9	0.00043004263722705384 -2.564994924411241E-9
9.71	1.4898614450784305E-6 -1.009982444311132E-9	0.0001672608762954008 -1.0131691700474328E-9
9.72	1.4196432971402828E-6 -2.0299915507644096E-9	 -0.0003235362332026802 -2.0364098590767463E-9
9.73	1.469774143511468E-6 +1.035578595738756E-9	 -0.0006001096477779844 +1.0388595786958303E-9
9.74	1.488851359631048E-6 -1.0011210772781829E-9	 -0.00009218796443877652 -1.0042994231946987E-9
9.75	1.6028173564353453E-6 +2.0424623477522545E-9	 -0.000593511910476831 +2.048960073100288E-9
9.76	1.3705607618366802E-6 -2.0057087646739096E-9	 -0.00003568141625536285 -2.0121026815374687E-9
9.77	1.5974605200123429E-6 +3.540631012724353E-9	0.0002266348792492981 +3.5519412233627718E-9
9.78	1.5277740669927408E-6 -1.993715052427458E-9	0.0009180717831790624 -2.0000968513264408E-9
9.79	1.4488949662765865E-6 -9.865894132341451E-10	 -0.00024015649830007362 -9.89753916688112E-10
9.8	1.5170612915358948E-6 -9.837181328284206E-10	 -0.0002536247219464056 -9.868798862072226E-10
9.81	1.4721270468322068E-6 +1.418948047663648E-11	0.0003848005368712182 +1.4235179939737458E-11
9.82	1.4937909385168866E-6 +1.502009482804768E-9	0.00036070011764279653 +1.5068568248363292E-9
9.83	1.4746608769655722E-6 -1.9641535207058746E-9	 -0.00045008618383445974 -1.9705052489424804E-9
9.84	1.5301735550742199E-6 -4.793654733997692E-10	0.0003137639224854006 -4.809188180268538E-10
9.85	1.4666154157794153E-6 -1.9524954473229224E-9	 -0.00006038561943560799 -1.9588352361772135E-9
9.86	1.5794420857286308E-6 +9.932105980834483E-10	0.00003258399961488841 +9.964421334287099E-10
9.87	1.4411205608279555E-6 -1.452435151717251E-9	 -0.00009425635715316544 -1.4571704378403689E-9
9.88	1.5567593252356986E-6 +9.868915322474868E-10	 -0.00009034808589460765 +9.90115568498869E-10
9.89	1.5475801357448895E-6 -2.9005298351260647E-9	 -0.000045006463087323326 -2.910024681921436E-9
9.9	1.5886614935172675E-6 +4.96560320332913E-10	 -0.0002765773920335353 +4.98189098282704E-10
9.91	1.6147275453527577E-6 +4.949112481837523E-10	0.0003238875116688144 +4.965379035587953E-10
9.92	1.6061125810059214E-6 -4.690082660039305E-10	0.00017500760712976072 -4.705529021785555E-10
9.93	1.636713442899741E-6 +1.4510032394246552E-9	0.0004862076965516145 +1.455791642288634E-9
9.94	1.495437051820166E-6 +9.682416709393367E-10	 -0.00023280263396869755 +9.714433794134116E-10
9.95	1.6079091151537054E-6 +2.3955623904624875E-9	 -0.00013430457370746908 +2.403499828354143E-9
9.96	1.633321337142964E-6 +1.4374844693115255E-9	 -0.00007389863359384838 +1.442257013711647E-9
9.97	1.6294578068078004E-6 -2.3584108028885124E-9	0.0005488627777491796 -2.3662566413086775E-9
9.98	1.6152968153501541E-6 +1.1052625210881469E-11	 -7.017242471310628E-6 +1.1089468429556112E-11
9.99	1.6406215437385711E-6 -1.4023769049146979E-9	 -0.000143590561334703 -1.4070610271132413E-9
10.	1.550628687772991E-6 -4.5897062800861477E-10	 -0.0002737615142896848 -4.6050672569598365E-10