0.3	0.00007892370424 0.0001025455668 I
0.35	0.00001642665963 0.0001276552401 I
0.4	-0.000008685030055 0.0001347882069 I
0.45	-0.00002131023156 0.0001443139953 I
0.5	-0.00002838222083 0.0001563076434 I
0.55	-0.00003127033853 0.0001695511244 I
0.6	-0.00002945498092 0.0001833652354 I
0.65	-0.00002170404944 0.000197685873 I
0.7	-0.00000647654687 0.0002129592293 I
0.75	0.00001792315869 0.0002301387271 I
0.8	0.00005307093366 0.0002501648151 I
0.85	0.0001027143508 0.0002732137456 I
0.9	0.0001762895134 0.0003028471581 I
0.95	0.0002968858747 0.0003676719859 I
1.	0.0002708892281 0.0004758533795 I
1.05	0.0004694150149 0.0004955565096 I
1.1	0.000692944329 0.0006892348027 I
1.15	0.0008393472256 0.001092274605 I
1.2	0.0007116988023 0.001540545886 I
1.25	0.0002872344905 0.002020249153 I
1.3	-0.0004990559122 0.001647512571 I
1.35	-0.0003393786994 0.0009831479847 I
1.4	0.0001706331766 0.0007328189129 I
1.45	0.0008006289112 0.0008324829329 I
1.5	0.001323221122 0.00139533604 I
1.55	0.001335385029 0.002117466776 I
1.6	0.001089999482 0.002543254538 I
1.65	0.0008947945507 0.00277423505 I
1.7	0.0007710176855 0.002950363979 I
1.75	0.0006879567217 0.003117030285 I
1.8	0.0006264426545 0.003284965822 I
1.85	0.0005771267306 0.003456431392 I
1.9	0.0005353510901 0.00363186566 I
1.95	0.000498585198 0.003811342692 I
2.	0.0004653254692 0.003994868211 I
2.05	0.0004346103948 0.004182435754 I
2.1	0.0004057931005 0.004374037718 I
2.15	0.0003784186585 0.004569666285 I
2.2	0.0003521579814 0.004769314028 I
2.25	0.0003267669742 0.004972973894 I
2.3	0.0003020609913 0.005180639183 I
2.35	0.0002778981009 0.005392303529 I
2.4	0.0002541677625 0.005607960891 I
2.45	0.0002307829569 0.00582760553 I
2.5	0.000207674587 0.006051232001 I
2.55	0.0001847874134 0.006278835136 I
2.6	0.0001620770516 0.006510410034 I
2.65	0.000139507718 0.006745952051 I
2.7	0.0001170505143 0.006985456784 I
2.75	0.00009468210519 0.007228920066 I
2.8	0.00007238368727 0.007476337955 I
2.85	0.00005014017938 0.007727706725 I
2.9	0.00002793957094 0.007983022854 I
2.95	0.000005772411359 0.008242283024 I
3.	-0.00001636861229 0.008505484104 I
3.05	-0.00003848901514 0.008772623151 I
3.1	-0.00006059279367 0.009043697398 I
3.15	-0.00008268265601 0.00931870425 I
3.2	-0.0001047602129 0.009597641276 I
3.25	-0.0001268261368 0.009880506205 I
3.3	-0.0001488802941 0.01016729692 I
3.35	-0.0001709218623 0.01045801146 I
3.4	-0.0001929494184 0.01075264798 I
3.45	-0.0002149610238 0.01105120482 I
3.5	-0.0002369542916 0.01135368041 I
3.55	-0.0002589264458 0.01166007334 I
3.6	-0.0002808743719 0.0119703823 I
3.65	-0.0003027946599 0.01228460613 I
3.7	-0.000324683642 0.01260274377 I
3.75	-0.0003465374254 0.01292479428 I
3.8	-0.0003683519201 0.01325075683 I
3.85	-0.0003901228638 0.0135806307 I
3.9	-0.000411845843 0.01391441527 I
3.95	-0.000433516312 0.01425211003 I
4.	-0.0004551296096 0.01459371456 I
4.05	-0.0004766809729 0.01493922853 I
4.1	-0.0004981655504 0.01528865173 I
4.15	-0.0005195784099 0.01564198401 I
4.2	-0.0005409145606 0.01599922532 I
4.25	-0.000562168945 0.01636037571 I
4.3	-0.0005833364568 0.0167254353 I
4.35	-0.0006044119457 0.01709440428 I
4.4	-0.0006253902235 0.01746728294 I
4.45	-0.0006462660694 0.01784407164 I
4.5	-0.000667034235 0.01822477081 I
4.55	-0.0006876894484 0.01860938096 I
4.6	-0.0007082264184 0.01899790266 I
4.65	-0.0007286398377 0.01939033657 I
4.7	-0.0007489243863 0.01978668341 I
4.75	-0.0007690747338 0.02018694395 I
4.8	-0.0007890855422 0.02059111904 I
4.85	-0.0008089514683 0.0209992096 I
4.9	-0.0008286671654 0.02141121659 I
4.95	-0.000848227285 0.02182714105 I
5.	-0.000867626479 0.02224698408 I
5.05	-0.0008868594005 0.02267074682 I
5.1	-0.0009059207054 0.02309843047 I
5.15	-0.0009248050537 0.0235300363 I
5.2	-0.0009435071103 0.02396556562 I
5.25	-0.0009620215462 0.02440501981 I
5.3	-0.0009803430391 0.02484840027 I
5.35	-0.0009984662745 0.02529570848 I
5.4	-0.001016385946 0.02574694595 I
5.45	-0.001034096756 0.02620211425 I
5.5	-0.001051593409 0.026661215 I
5.55	-0.001068870642 0.02712424986 I
5.6	-0.00108592318 0.02759122052 I
5.65	-0.001102745766 0.02806212874 I
5.7	-0.001119333157 0.02853697632 I
5.75	-0.001135680117 0.02901576508 I
5.8	-0.001151781426 0.02949849691 I
5.85	-0.001167631873 0.02998517372 I
5.9	-0.001183226262 0.03047579748 I
5.95	-0.001198559407 0.03097037017 I
6.	-0.001213626136 0.03146889383 I
6.05	-0.001228421292 0.03197137054 I
6.1	-0.001242939727 0.03247780241 I
6.15	-0.001257176309 0.03298819159 I
6.2	-0.001271125918 0.03350254025 I
6.25	-0.001284783449 0.03402085062 I
6.3	-0.00129814381 0.03454312494 I
6.35	-0.001311201921 0.03506936551 I
6.4	-0.001323952717 0.03559957464 I
6.45	-0.001336391146 0.03613375468 I
6.5	-0.001348512171 0.03667190802 I
6.55	-0.001360310768 0.03721403708 I
6.6	-0.001371781926 0.03776014428 I
6.65	-0.001382920649 0.03831023212 I
6.7	-0.001393721955 0.0388643031 I
6.75	-0.001404180874 0.03942235975 I
6.8	-0.001414292451 0.03998440463 I
6.85	-0.001424051746 0.04055044035 I
6.9	-0.001433453831 0.0411204695 I
6.95	-0.001442493793 0.04169449475 I
7.	-0.001451166731 0.04227251877 I
7.05	-0.00145946776 0.04285454425 I
7.1	-0.001467392008 0.04344057392 I
7.15	-0.001474934617 0.04403061053 I
7.2	-0.001482090741 0.04462465686 I
7.25	-0.00148885555 0.04522271571 I
7.3	-0.001495224226 0.04582478991 I
7.35	-0.001501191966 0.04643088229 I
7.4	-0.00150675398 0.04704099574 I
7.45	-0.001511905475 0.04765513315 I
7.5	-0.001516641717 0.04827329743 I
7.55	-0.001520957943 0.04889549154 I
7.6	-0.001524849417 0.04952171843 I
7.65	-0.001528311416 0.05015198108 I
7.7	-0.001531339232 0.0507862825 I
7.75	-0.001533928167 0.05142462572 I
7.8	-0.00153607354 0.05206701379 I
7.85	-0.001537770681 0.05271344977 I
7.9	-0.001539014934 0.05336393675 I
7.95	-0.001539801655 0.05401847784 I
8.	-0.001540126216 0.05467707617 I
8.05	-0.001539983999 0.05533973488 I
8.1	-0.001539370385 0.05600645714 I
8.15	-0.001538280817 0.05667724613 I
8.2	-0.001536710699 0.05735210505 I
8.25	-0.001534655467 0.05803103714 I
8.3	-0.001532110569 0.05871404561 I
8.35	-0.001529071466 0.05940113373 I
8.4	-0.001525533633 0.06009230478 I
8.45	-0.001521492556 0.06078756204 I
8.5	-0.001516943734 0.06148690883 I
8.55	-0.00151188268 0.06219034845 I
8.6	-0.001506304917 0.06289788427 I
8.65	-0.001500205984 0.06360951962 I
8.7	-0.001493581431 0.06432525789 I
8.75	-0.001486426792 0.06504510246 I
8.8	-0.001478737691 0.06576905674 I
8.85	-0.001470509695 0.06649712415 I
8.9	-0.001461738402 0.06722930811 I
8.95	-0.001452419426 0.06796561208 I
9.	-0.001442548391 0.06870603952 I
9.05	-0.001432120933 0.06945059392 I
9.1	-0.001421132702 0.07019927876 I
9.15	-0.00140957936 0.07095209754 I
9.2	-0.00139745658 0.0717090538 I
9.25	-0.001384760048 0.07247015106 I
9.3	-0.001371485462 0.07323539287 I
9.35	-0.001357628532 0.0740047828 I
9.4	-0.001343184981 0.07477832441 I
9.45	-0.001328150541 0.0755560213 I
9.5	-0.00131252096 0.07633787707 I
9.55	-0.001296291996 0.07712389532 I
9.6	-0.001279459418 0.07791407969 I
9.65	-0.001262019009 0.07870843381 I
9.7	-0.001243966562 0.07950696133 I
9.75	-0.001225297884 0.08030966592 I
9.8	-0.00120600879 0.08111655125 I
9.85	-0.001186095111 0.081927621 I
9.9	-0.001165552688 0.08274287888 I
9.95	-0.001144377373 0.08356232859 I
10.	-0.00112256503 0.08438597385 I
10.05	-0.001100111535 0.0852138184 I
10.1	-0.001077012776 0.08604586597 I
10.15	-0.001053264652 0.08688212033 I
10.2	-0.001028863074 0.08772258523 I
10.25	-0.001003803963 0.08856726445 I
10.3	-0.0009780832535 0.08941616179 I
10.35	-0.0009516968907 0.09026928102 I
10.4	-0.0009246408311 0.09112662597 I
10.45	-0.0008969110422 0.09198820045 I
10.5	-0.0008685035039 0.09285400828 I
10.55	-0.0008394142065 0.0937240533 I
10.6	-0.0008096391523 0.09459833936 I
10.65	-0.0007791743545 0.09547687031 I
10.7	-0.0007480158377 0.09635965003 I
10.75	-0.0007161596379 0.09724668238 I
10.8	-0.0006836018017 0.09813797126 I
10.85	-0.0006503383879 0.09903352055 I
10.9	-0.0006163654655 0.09993333416 I
10.95	-0.0005816791152 0.100837416 I
11.	-0.0005462754286 0.10174577 I
11.05	-0.0005101483057 0.1026584001 I
11.1	-0.0004732981611 0.1035753102 I
11.15	-0.0004357190179 0.1044965043 I
11.2	-0.0003974070119 0.1054219863 I
11.25	-0.0003583582898 0.1063517602 I
11.3	-0.0003185690092 0.1072858299 I
11.35	-0.0002780353399 0.1082241995 I
11.4	-0.0002367534608 0.109166873 I
11.45	-0.0001947195621 0.1101138543 I
11.5	-0.0001519298455 0.1110651474 I
11.55	-0.0001083805238 0.1120207564 I
11.6	-0.00006406781962 0.1129806852 I
11.65	-0.00001898796708 0.113944938 I
11.7	0.00002686278989 0.1149135187 I
11.75	0.00007348819324 0.1158864314 I
11.8	0.0001208919789 0.1168636802 I
11.85	0.0001690778695 0.117845269 I
11.9	0.0002180495768 0.118831202 I
11.95	0.0002678108026 0.1198214833 I
12.	0.0003183652379 0.1208161168 I
12.05	0.0003697165631 0.1218151068 I
12.1	0.0004218684461 0.1228184573 I
12.15	0.0004748245478 0.1238261725 I
12.2	0.0005285885162 0.1248382563 I
12.25	0.0005831639891 0.125854713 I
12.3	0.0006385545928 0.1268755466 I
12.35	0.0006947639454 0.1279007614 I
12.4	0.000751795652 0.1289303613 I
12.45	0.0008096533086 0.1299643507 I
12.5	0.0008683405004 0.1310027336 I
12.55	0.0009278608024 0.1320455141 I
12.6	0.0009882177777 0.1330926965 I
12.65	0.001049414981 0.1341442849 I
12.7	0.001111455957 0.1352002835 I
12.75	0.001174344236 0.1362606964 I
12.8	0.001238083343 0.137325528 I
12.85	0.001302676788 0.1383947822 I
12.9	0.001368128075 0.1394684635 I
12.95	0.001434440696 0.1405465758 I
13.	0.001501618128 0.1416291236 I
13.05	0.001569663847 0.1427161109 I
13.1	0.001638581311 0.143807542 I
13.15	0.001708373971 0.1449034212 I
13.2	0.001779045267 0.1460037526 I
13.25	0.001850598629 0.1471085406 I
13.3	0.001923037479 0.1482177893 I
13.35	0.001996365221 0.149331503 I
13.4	0.002070585259 0.150449686 I
13.45	0.00214570098 0.1515723425 I
13.5	0.002221715764 0.1526994768 I
13.55	0.002298632979 0.1538310932 I
13.6	0.002376455984 0.1549671959 I
13.65	0.002455188128 0.1561077893 I
13.7	0.002534832749 0.1572528775 I
13.75	0.002615393175 0.158402465 I
13.8	0.002696872724 0.159556556 I
13.85	0.002779274706 0.1607151548 I
13.9	0.002862602417 0.1618782657 I
13.95	0.002946859147 0.163045893 I
14.	0.003032048172 0.1642180411 I
14.05	0.003118172762 0.1653947143 I
14.1	0.003205236173 0.1665759169 I
14.15	0.003293241655 0.1677616532 I
14.2	0.003382192447 0.1689519276 I
14.25	0.003472091774 0.1701467444 I
14.3	0.003562942856 0.1713461079 I
14.35	0.003654748901 0.1725500226 I
14.4	0.003747513109 0.1737584927 I
14.45	0.003841238666 0.1749715226 I
14.5	0.003935928751 0.1761891168 I
14.55	0.004031586535 0.1774112795 I
14.6	0.004128215172 0.1786380151 I
14.65	0.004225817816 0.1798693281 I
14.7	0.004324397603 0.1811052227 I
14.75	0.004423957664 0.1823457034 I
14.8	0.004524501119 0.1835907746 I
14.85	0.004626031074 0.1848404406 I
14.9	0.004728550632 0.1860947059 I
14.95	0.004832062882 0.1873535748 I
15.	0.004936570905 0.1886170518 I
15.05	0.00504207777 0.1898851413 I
15.1	0.00514858654 0.1911578477 I
15.15	0.005256100263 0.1924351754 I
15.2	0.005364621983 0.1937171289 I
15.25	0.00547415473 0.1950037124 I
15.3	0.005584701525 0.1962949306 I
15.35	0.005696265381 0.1975907878 I
15.4	0.005808849302 0.1988912885 I
15.45	0.005922456279 0.2001964371 I
15.5	0.006037089295 0.201506238 I
15.55	0.006152751322 0.2028206957 I
15.6	0.006269445328 0.2041398146 I
15.65	0.006387174263 0.2054635993 I
15.7	0.006505941073 0.2067920541 I
15.75	0.006625748692 0.2081251836 I
15.8	0.006746600048 0.2094629921 I
15.85	0.006868498051 0.2108054842 I
15.9	0.006991445612 0.2121526644 I
15.95	0.007115445884 0.213504537 I
16.	0.00724050074 0.2148611067 I
16.05	0.00736661455 0.2162223778 I
16.1	0.007493789204 0.2175883549 I
16.15	0.007622027803 0.2189590425 I
16.2	0.007751333191 0.220334445 I
16.25	0.007881708211 0.221714567 I
16.3	0.00801315569 0.2230994129 I
16.35	0.008145678449 0.2244889872 I
16.4	0.008279279301 0.2258832946 I
16.45	0.008413961042 0.2272823393 I
16.5	0.008549726467 0.2286861261 I
16.55	0.008686578357 0.2300946594 I
16.6	0.008824519487 0.2315079437 I
16.65	0.008963552616 0.2329259835 I
16.7	0.009103680501 0.2343487834 I
16.75	0.009244905884 0.2357763479 I
16.8	0.009387231501 0.2372086815 I
16.85	0.009530660078 0.2386457887 I
16.9	0.00967519433 0.2400876742 I
16.95	0.009820836964 0.2415343424 I
17.	0.009967590678 0.2429857979 I
17.05	0.01011545816 0.2444420452 I
17.1	0.01026444208 0.2459030888 I
17.15	0.01041454512 0.2473689334 I
17.2	0.01056576994 0.2488395835 I
17.25	0.01071811917 0.2503150436 I
17.3	0.01087159548 0.2517953183 I
17.35	0.01102620148 0.2532804122 I
17.4	0.01118193979 0.2547703298 I
17.45	0.01133881304 0.2562650757 I
17.5	0.01149682383 0.2577646544 I
17.55	0.01165597474 0.2592690706 I
17.6	0.01181626837 0.2607783288 I
17.65	0.01197770729 0.2622924336 I
17.7	0.01214029407 0.2638113896 I
17.75	0.01230403126 0.2653352013 I
17.8	0.01246892142 0.2668638733 I
17.85	0.01263496706 0.2683974103 I
17.9	0.01280217074 0.2699358168 I
17.95	0.01297053497 0.2714790975 I
18.	0.01314006226 0.2730272568 I
18.05	0.01331075511 0.2745802994 I
18.1	0.01348261602 0.27613823 I
18.15	0.01365564746 0.2777010531 I
18.2	0.01382985191 0.2792687732 I
18.25	0.01400523183 0.2808413952 I
18.3	0.01418178969 0.2824189234 I
18.35	0.01435952792 0.2840013626 I
18.4	0.01453844896 0.2855887174 I
18.45	0.01471855525 0.2871809923 I
18.5	0.01489984919 0.2887781921 I
18.55	0.01508233321 0.2903803213 I
18.6	0.0152660097 0.2919873845 I
18.65	0.01545088103 0.2935993864 I
18.7	0.01563694962 0.2952163317 I
18.75	0.01582421782 0.2968382248 I
18.8	0.01601268799 0.2984650705 I
18.85	0.0162023625 0.3000968735 I
18.9	0.01639324369 0.3017336382 I
18.95	0.01658533389 0.3033753695 I
19.	0.01677864908 0.3050220719 I
19.05	0.01697316456 0.30667375 I
19.1	0.017168896 0.3083304086 I
19.15	0.01736584571 0.3099920522 I
19.2	0.01756401599 0.3116586855 I
19.25	0.01776340911 0.3133303132 I
19.3	0.01796402734 0.3150069399 I
19.35	0.01816587296 0.3166885702 I
19.4	0.0183689482 0.3183752089 I
19.45	0.01857325533 0.3200668606 I
19.5	0.01877879657 0.32176353 I
19.55	0.01898557414 0.3234652216 I
19.6	0.01919359028 0.3251719403 I
19.65	0.01940284719 0.3268836905 I
19.7	0.01961334706 0.3286004771 I
19.75	0.01982509209 0.3303223047 I
19.8	0.02003808446 0.332049178 I
19.85	0.02025232635 0.3337811016 I
19.9	0.0204678199 0.3355180802 I
19.95	0.02068456729 0.3372601185 I
20.	0.02090257066 0.3390072211 I