0.25	-0.00005676444165  0.0003126152868 I
0.3025	-0.00006254067706  0.0003391022487 I
0.36	-0.00005890996183  0.0003667304708 I
0.4225	-0.00004340809888  0.0003953717461 I
0.49	-0.00001295309374  0.0004259184585 I
0.5625	0.00003584631737  0.0004602774543 I
0.64	0.0001061418673  0.0005003296303 I
0.7225	0.0002054287017  0.0005464274912 I
0.81	0.0003525790267  0.0006056943161 I
0.9025	0.0005937717495  0.0007353439718 I
1.	0.0005417784562  0.0009517067589 I
1.1025	0.0009388300298  0.0009911130192 I
1.21	0.001385888658  0.001378469605 I
1.3225	0.001678694451  0.002184549211 I
1.44	0.001423397605  0.003081091772 I
1.5625	0.0005744689809  0.004040498306 I
1.69	-0.0009981118244  0.003295025143 I
1.8225	-0.0006787573989  0.001966295969 I
1.96	0.0003412663532  0.001465637826 I
2.1025	0.001601257822  0.001664965866 I
2.25	0.002646442245  0.002790672081 I
2.4025	0.002670770058  0.004234933552 I
2.56	0.002179998964  0.005086509076 I
2.7225	0.001789589101  0.005548470101 I
2.89	0.001542035371  0.005900727958 I
3.0625	0.001375913443  0.00623406057 I
3.24	0.001252885309  0.006569931644 I
3.4225	0.001154253461  0.006912862785 I
3.61	0.00107070218  0.007263731321 I
3.8025	0.0009971703959  0.007622685384 I
4.	0.0009306509384  0.007989736423 I
4.2025	0.0008692207896  0.008364871508 I
4.41	0.000811586201  0.008748075436 I
4.6225	0.0007568373171  0.009139332569 I
4.84	0.0007043159627  0.009538628056 I
5.0625	0.0006535339484  0.009945947789 I
5.29	0.0006041219827  0.01036127837 I
5.5225	0.0005557962018  0.01078460706 I
5.76	0.0005083355251  0.01121592178 I
6.0025	0.0004615659139  0.01165521106 I
6.25	0.000415349174  0.012102464 I
6.5025	0.0003695748268  0.01255767027 I
6.76	0.0003241541032  0.01302082007 I
7.0225	0.000279015436  0.0134919041 I
7.29	0.0002341010286  0.01397091357 I
7.5625	0.0001893642104  0.01445784013 I
7.84	0.0001447673745  0.01495267591 I
8.1225	0.0001002803588  0.01545541345 I
8.41	0.00005587914187  0.01596604571 I
8.7025	0.00001154482272  0.01648456605 I
9.	-0.00003273722458  0.01701096821 I
9.3025	-0.00007697803027  0.0175452463 I
9.61	-0.0001211855873  0.0180873948 I
9.9225	-0.000165365312  0.0186374085 I
10.24	-0.0002095204258  0.01919528255 I
10.5625	-0.0002536522737  0.01976101241 I
10.89	-0.0002977605882  0.02033459384 I
11.2225	-0.0003418437246  0.02091602291 I
11.56	-0.0003858988369  0.02150529597 I
11.9025	-0.0004299220476  0.02210240964 I
12.25	-0.0004739085831  0.02270736082 I
12.6025	-0.0005178528916  0.02332014667 I
12.96	-0.0005617487438  0.0239407646 I
13.3225	-0.0006055893197  0.02456921226 I
13.69	-0.000649367284  0.02520548755 I
14.0625	-0.0006930748508  0.02584958857 I
14.44	-0.0007367038403  0.02650151367 I
14.8225	-0.0007802457275  0.02716126141 I
15.21	-0.0008236916859  0.02782883055 I
15.6025	-0.0008670326241  0.02850422006 I
16.	-0.0009102592192  0.02918742911 I
16.4025	-0.0009533619457  0.02987845706 I
16.81	-0.0009963311008  0.03057730345 I
17.2225	-0.00103915682  0.03128396801 I
17.64	-0.001081829121  0.03199845064 I
18.0625	-0.00112433789  0.03272075142 I
18.49	-0.001166672914  0.03345087059 I
18.9225	-0.001208823891  0.03418880856 I
19.36	-0.001250780447  0.03493456588 I
19.8025	-0.001292532139  0.03568814328 I
20.25	-0.00133406847  0.03644954161 I
20.7025	-0.001375378897  0.03721876191 I
21.16	-0.001416452837  0.03799580532 I
21.6225	-0.001457279675  0.03878067314 I
22.09	-0.001497848773  0.03957336681 I
22.5625	-0.001538149468  0.04037388789 I
23.04	-0.001578171084  0.04118223808 I
23.5225	-0.001617902937  0.04199841919 I
24.01	-0.001657334331  0.04282243318 I
24.5025	-0.00169645457  0.04365428211 I
25.	-0.001735252958  0.04449396816 I
25.5025	-0.001773718801  0.04534149363 I
26.01	-0.001811841411  0.04619686094 I
26.5225	-0.001849610107  0.0470600726 I
27.04	-0.001887014221  0.04793113125 I
27.5625	-0.001924043092  0.04881003961 I
28.09	-0.001960686078  0.04969680054 I
28.6225	-0.001996932549  0.05059141695 I
29.16	-0.002032771892  0.0514938919 I
29.7025	-0.002068193513  0.0524042285 I
30.25	-0.002103186818  0.05332243 I
30.8025	-0.002137741283  0.05424849971 I
31.36	-0.002171846359  0.05518244104 I
31.9225	-0.002205491533  0.05612425749 I
32.49	-0.002238666314  0.05707395264 I
33.0625	-0.002271360235  0.05803153017 I
33.64	-0.002303562852  0.05899699382 I
34.2225	-0.002335263746  0.05997034745 I
34.81	-0.002366452524  0.06095159495 I
35.4025	-0.002397118814  0.06194074033 I
36.	-0.002427252273  0.06293778766 I
36.6025	-0.002456842583  0.06394274108 I
37.21	-0.002485879453  0.06495560482 I
37.8225	-0.002514352617  0.06597638317 I
38.44	-0.002542251836  0.0670050805 I
39.0625	-0.002569566899  0.06804170123 I
39.69	-0.00259628762  0.06908624988 I
40.3225	-0.002622403841  0.07013873102 I
40.96	-0.002647905433  0.07119914928 I
41.6025	-0.002672782292  0.07226750937 I
42.25	-0.002697024342  0.07334381605 I
42.9025	-0.002720621536  0.07442807415 I
43.56	-0.002743563853  0.07552028857 I
44.2225	-0.002765841299  0.07662046425 I
44.89	-0.00278744391  0.0777286062 I
45.5625	-0.002808361748  0.0788447195 I
46.24	-0.002828584903  0.07996880927 I
46.9225	-0.002848103492  0.08110088069 I
47.61	-0.002866907662  0.08224093901 I
48.3025	-0.002884987585  0.08338898951 I
49.	-0.002902333462  0.08454503754 I
49.7025	-0.002918935521  0.0857090885 I
50.41	-0.002934784017  0.08688114784 I
51.1225	-0.002949869234  0.08806122107 I
51.84	-0.002964181482  0.08924931373 I
52.5625	-0.0029777111  0.09044543143 I
53.29	-0.002990448453  0.09164957981 I
54.0225	-0.003002383933  0.09286176458 I
54.76	-0.003013507959  0.09408199148 I
55.5025	-0.00302381095  0.09531026629 I
56.25	-0.003033283434  0.09654659487 I
57.0025	-0.003041915886  0.09779098308 I
57.76	-0.003049698834  0.09904343685 I
58.5225	-0.003056622833  0.1003039622 I
59.29	-0.003062678463  0.101572565 I
60.0625	-0.003067856334  0.1028492514 I
60.84	-0.00307214708  0.1041340276 I
61.6225	-0.003075541362  0.1054268995 I
62.41	-0.003078029867  0.1067278735 I
63.2025	-0.003079603311  0.1080369557 I
64.	-0.003080252433  0.1093541523 I
64.8025	-0.003079967999  0.1106794698 I
65.61	-0.00307874077  0.1120129143 I
66.4225	-0.003076561633  0.1133544923 I
67.24	-0.003073421397  0.1147042101 I
68.0625	-0.003069310933  0.1160620743 I
68.89	-0.003064221138  0.1174280912 I
69.7225	-0.003058142933  0.1188022675 I
70.56	-0.003051067267  0.1201846096 I
71.4025	-0.003042985112  0.1215751241 I
72.25	-0.003033887468  0.1229738177 I
73.1025	-0.003023765359  0.1243806969 I
73.96	-0.003012609834  0.1257957685 I
74.8225	-0.003000411969  0.1272190392 I
75.69	-0.002987162862  0.1286505158 I
76.5625	-0.002972853584  0.1300902049 I
77.44	-0.002957475383  0.1315381135 I
78.3225	-0.00294101939  0.1329942483 I
79.21	-0.002923476804  0.1344586162 I
80.1025	-0.002904838852  0.1359312242 I
81.	-0.002885096781  0.137412079 I
81.9025	-0.002864241866  0.1389011878 I
82.81	-0.002842265405  0.1403985575 I
83.7225	-0.00281915872  0.1419041951 I
84.64	-0.00279491316  0.1434181076 I
85.5625	-0.002769520097  0.1449403021 I
86.49	-0.002742970924  0.1464707857 I
87.4225	-0.002715257065  0.1480095656 I
88.36	-0.002686369961  0.1495566488 I
89.3025	-0.002656301082  0.1511120426 I
90.25	-0.002625041921  0.1526757541 I
91.2025	-0.002592583992  0.1542477906 I
92.16	-0.002558918836  0.1558281594 I
93.1225	-0.002524038019  0.1574168676 I
94.09	-0.002487933125  0.1590139227 I
95.0625	-0.002450595767  0.1606193318 I
96.04	-0.00241201758  0.1622331025 I
97.0225	-0.002372190223  0.163855242 I
98.01	-0.002331105376  0.1654857578 I
99.0025	-0.002288754746  0.1671246572 I
100.	-0.002245130059  0.1687719477 I
101.0025	-0.00220022307  0.1704276368 I
102.01	-0.002154025552  0.1720917319 I
103.0225	-0.002106529304  0.1737642407 I
104.04	-0.002057726147  0.1754451705 I
105.0625	-0.002007607926  0.1771345289 I
106.09	-0.001956166507  0.1788323236 I
107.1225	-0.001903393781  0.180538562 I
108.16	-0.001849281661  0.1822532519 I
109.2025	-0.001793822084  0.1839764009 I
110.25	-0.001737007008  0.1857080166 I
111.3025	-0.001678828413  0.1874481066 I
112.36	-0.001619278305  0.1891966787 I
113.4225	-0.001558348709  0.1909537406 I
114.49	-0.001496031675  0.1927193001 I
115.5625	-0.001432319276  0.1944933648 I
116.64	-0.001367203603  0.1962759425 I
117.7225	-0.001300676776  0.1980670411 I
118.81	-0.001232730931  0.1998666683 I
119.9025	-0.00116335823  0.201674832 I
121.	-0.001092550857  0.20349154 I
122.1025	-0.001020296611  0.2053168002 I
123.21	-0.0009465963222  0.2071506204 I
124.3225	-0.0008714380361  0.2089930085 I
125.44	-0.0007948140237  0.2108439725 I
126.5625	-0.0007167165797  0.2127035203 I
127.69	-0.0006371380185  0.2145716599 I
128.8225	-0.0005560706797  0.2164483991 I
129.96	-0.0004735069212  0.218333746 I
131.1025	-0.0003894391243  0.2202277085 I
132.25	-0.0003038596911  0.2221302948 I
133.4025	-0.0002167610476  0.2240415128 I
134.56	-0.0001281356392  0.2259613705 I
135.7225	-0.00003797593416  0.227889876 I
136.89	0.00005372557978  0.2298270374 I
138.0625	0.0001469763865  0.2317728628 I
139.24	0.0002417839577  0.2337273603 I
140.4225	0.0003381557389  0.235690538 I
141.61	0.0004360991536  0.237662404 I
142.8025	0.0005356216052  0.2396429665 I
144.	0.0006367304754  0.2416322337 I
145.2025	0.0007394331262  0.2436302137 I
146.41	0.0008437368923  0.2456369147 I
147.6225	0.000949649096  0.2476523449 I
148.84	0.001057177032  0.2496765126 I
150.0625	0.001166327978  0.251709426 I
151.29	0.001277109186  0.2537510933 I
152.5225	0.001389527891  0.2558015228 I
153.76	0.001503591303  0.2578607227 I
155.0025	0.001619306617  0.2599287014 I
156.25	0.001736681  0.2620054671 I
157.5025	0.001855721605  0.2640910282 I
158.76	0.001976435555  0.266185393 I
160.0225	0.002098829963  0.2682885698 I
161.29	0.002222911913  0.270400567 I
162.5625	0.002348688472  0.2725213929 I
163.84	0.002476166686  0.2746510559 I
165.1225	0.002605353576  0.2767895645 I
166.41	0.002736256151  0.2789369269 I
167.7025	0.002868881392  0.2810931517 I
169.	0.003003236257  0.2832582471 I
170.3025	0.003139327694  0.2854322218 I
171.61	0.003277162621  0.2876150841 I
172.9225	0.003416747942  0.2898068424 I
174.24	0.003558090534  0.2920075053 I
175.5625	0.003701197259  0.2942170812 I
176.89	0.003846074957  0.2964355786 I
178.2225	0.003992730441  0.2986630061 I
179.56	0.004141170517  0.300899372 I
180.9025	0.00429140196  0.303144685 I
182.25	0.004443431528  0.3053989537 I
183.6025	0.004597265958  0.3076621864 I
184.96	0.004752911968  0.3099343919 I
186.3225	0.004910376258  0.3122155785 I
187.69	0.005069665498  0.3145057551 I
189.0625	0.005230786349  0.31680493 I
190.44	0.005393745449  0.319113112 I
191.8225	0.005558549412  0.3214303096 I
193.21	0.005725204833  0.3237565314 I
194.6025	0.005893718294  0.3260917861 I
196.	0.006064096344  0.3284360823 I
197.4025	0.006236345525  0.3307894286 I
198.81	0.006410472346  0.3331518338 I
200.2225	0.00658648331  0.3355233064 I
201.64	0.006764384893  0.3379038551 I
203.0625	0.006944183548  0.3402934887 I
204.49	0.007125885712  0.3426922158 I
205.9225	0.007309497803  0.3451000451 I
207.36	0.007495026218  0.3475169854 I
208.8025	0.007682477332  0.3499430453 I
210.25	0.007871857502  0.3523782336 I
211.7025	0.00806317307  0.354822559 I
213.16	0.008256430345  0.3572760302 I
214.6225	0.008451635632  0.3597386561 I
216.09	0.008648795207  0.3622104454 I
217.5625	0.008847915329  0.3646914068 I
219.04	0.009049002238  0.3671815491 I
220.5225	0.009252062147  0.3696808812 I
222.01	0.009457101266  0.3721894117 I
223.5025	0.009664125765  0.3747071496 I
225.	0.00987314181  0.3772341037 I
226.5025	0.01008415554  0.3797702827 I
228.01	0.01029717308  0.3823156954 I
229.5225	0.01051220053  0.3848703508 I
231.04	0.01072924397  0.3874342577 I
232.5625	0.01094830946  0.3900074249 I
234.09	0.01116940305  0.3925898612 I
235.6225	0.01139253076  0.3951815756 I
237.16	0.01161769861  0.397782577 I
238.7025	0.01184491256  0.4003928741 I
240.25	0.01207417859  0.4030124759 I
241.8025	0.01230550264  0.4056413913 I
243.36	0.01253889066  0.4082796293 I
244.9225	0.01277434852  0.4109271986 I
246.49	0.01301188215  0.4135841082 I
248.0625	0.01325149738  0.4162503671 I
249.64	0.0134932001  0.4189259842 I
251.2225	0.0137369961  0.4216109685 I
252.81	0.01398289122  0.4243053287 I
254.4025	0.01423089177  0.4270090741 I
256.	0.01448100148  0.4297222134 I
257.6025	0.0147332291  0.4324447557 I
259.21	0.01498757841  0.4351767099 I
260.8225	0.0152440556  0.437918085 I
262.44	0.01550266638  0.44066889 I
264.0625	0.01576341642  0.4434291339 I
265.69	0.01602631138  0.4461988258 I
267.3225	0.0162913569  0.4489779745 I
268.96	0.0165585586  0.4517665891 I
270.6025	0.01682792208  0.4545646787 I
272.25	0.01709945293  0.4573722522 I
273.9025	0.01737315671  0.4601893188 I
275.56	0.01764903897  0.4630158873 I
277.2225	0.01792710523  0.465851967 I
278.89	0.018207361  0.4686975668 I
280.5625	0.01848981177  0.4715526957 I
282.24	0.018774463  0.4744173629 I
283.9225	0.01906132016  0.4772915775 I
285.61	0.01935038866  0.4801753484 I
287.3025	0.01964167393  0.4830686848 I
289.	0.01993518136  0.4859715957 I
290.7025	0.02023091632  0.4888840903 I
292.41	0.02052888416  0.4918061777 I
294.1225	0.02082909024  0.4947378669 I
295.84	0.02113153988  0.497679167 I
297.5625	0.02143623835  0.5006300873 I
299.29	0.02174319095  0.5035906367 I
301.0225	0.02205240295  0.5065608244 I
302.76	0.02236387959  0.5095406596 I
304.5025	0.02267762609  0.5125301514 I
306.25	0.02299364766  0.5155293089 I
308.0025	0.02331194949  0.5185381412 I
309.76	0.02363253675  0.5215566576 I
311.5225	0.02395541459  0.5245848672 I
313.29	0.02428058814  0.5276227791 I
315.0625	0.02460806252  0.5306704026 I
316.84	0.02493784283  0.5337277467 I
318.6225	0.02526993412  0.5367948207 I
320.41	0.02560434149  0.5398716337 I
322.2025	0.02594106995  0.5429581949 I
324.	0.02628012452  0.5460545136 I
325.8025	0.02662151022  0.5491605989 I
327.61	0.02696523203  0.55227646 I
329.4225	0.02731129491  0.5554021061 I
331.24	0.02765970381  0.5585375465 I
333.0625	0.02801046366  0.5616827903 I
334.89	0.02836357938  0.5648378468 I
336.7225	0.02871905584  0.5680027252 I
338.56	0.02907689793  0.5711774348 I
340.4025	0.0294371105  0.5743619847 I
342.25	0.02979969839  0.5775563842 I
344.1025	0.03016466641  0.5807606426 I
345.96	0.03053201939  0.5839747691 I
347.8225	0.03090176207  0.5871987729 I
349.69	0.03127389923  0.5904326633 I
351.5625	0.03164843563  0.5936764496 I
353.44	0.03202537599  0.5969301411 I
355.3225	0.03240472501  0.6001937469 I
357.21	0.03278648738  0.6034672765 I
359.1025	0.03317066777  0.606750739 I
361.	0.03355729815  0.6100441437 I
362.9025	0.03394632911  0.6133475 I
364.81	0.03433779199  0.6166608171 I
366.7225	0.03473169143  0.6199841043 I
368.64	0.03512803198  0.623317371 I
370.5625	0.03552681822  0.6266606263 I
372.49	0.03592805469  0.6300138797 I
374.4225	0.03633174592  0.6333771405 I
376.36	0.03673789641  0.6367504179 I
378.3025	0.03714651066  0.6401337213 I
380.25	0.03755759314  0.6435270599 I
382.2025	0.03797114829  0.6469304432 I
384.16	0.03838718056  0.6503438805 I
386.1225	0.03880569438  0.6537673811 I
388.09	0.03922669412  0.6572009543 I
390.0625	0.03965018418  0.6606446095 I
392.04	0.04007616891  0.664098356 I
394.0225	0.04050465269  0.6675622031 I
396.01	0.0409356398  0.6710361603 I
398.0025	0.04136913458  0.6745202369 I
400.	0.04180514131  0.6780144423 I
402.0025	0.04224366428  0.6815187857 I
404.01	0.04268470772  0.6850332767 I
406.0225	0.04312827588  0.6885579244 I
408.04	0.04357437298  0.6920927385 I
410.0625	0.04402300322  0.6956377281 I
412.09	0.0444741708  0.6991929027 I
414.1225	0.04492787984  0.7027582717 I
416.16	0.04538413453  0.7063338444 I
418.2025	0.04584293898  0.7099196303 I
420.25	0.04630429731  0.7135156388 I
422.3025	0.04676821361  0.7171218792 I
424.36	0.04723469197  0.720738361 I
426.4225	0.04770373642  0.7243650935 I
428.49	0.04817535102  0.7280020862 I
430.5625	0.04864953978  0.7316493485 I
432.64	0.04912630672  0.7353068898 I
434.7225	0.0496056558  0.7389747195 I
436.81	0.05008759102  0.742652847 I
438.9025	0.05057211632  0.7463412818 I
441.	0.05105923562  0.7500400333 I
443.1025	0.05154895286  0.753749111 I
445.21	0.0520412719  0.7574685242 I
447.3225	0.05253619664  0.7611982824 I
449.44	0.05303373095  0.764938395 I
451.5625	0.05353387867  0.7686888715 I
453.69	0.05403664361  0.7724497214 I
455.8225	0.05454202961  0.776220954 I
457.96	0.05505004042  0.7800025788 I
460.1025	0.05556067983  0.7837946054 I
462.25	0.05607395161  0.7875970431 I
464.4025	0.05658985949  0.7914099014 I
466.56	0.05710840718  0.7952331898 I
468.7225	0.05762959837  0.7990669177 I
470.89	0.05815343678  0.8029110947 I
473.0625	0.05867992605  0.8067657301 I
475.24	0.05920906983  0.8106308335 I
477.4225	0.05974087175  0.8145064143 I
479.61	0.06027533545  0.8183924821 I
481.8025	0.06081246449  0.8222890462 I
484.	0.06135226247  0.8261961163 I
486.2025	0.06189473295  0.8301137017 I
488.41	0.06243987944  0.834041812 I
490.6225	0.0629877055  0.8379804567 I
492.84	0.06353821464  0.8419296452 I
495.0625	0.06409141033  0.8458893871 I
497.29	0.06464729605  0.8498596919 I
499.5225	0.06520587527  0.8538405691 I
501.76	0.06576715138  0.8578320281 I
504.0025	0.06633112785  0.8618340785 I
506.25	0.06689780804  0.8658467299 I
508.5025	0.06746719539  0.8698699916 I
510.76	0.06803929321  0.8739038733 I
513.0225	0.06861410486  0.8779483845 I
515.29	0.06919163371  0.8820035346 I
517.5625	0.06977188302  0.8860693333 I
519.84	0.07035485612  0.89014579 I
522.1225	0.0709405563  0.8942329142 I
524.41	0.07152898678  0.8983307156 I
526.7025	0.07212015085  0.9024392036 I
529.	0.07271405168  0.9065583878 I
531.3025	0.07331069254  0.9106882776 I
533.61	0.07391007657  0.9148288828 I
535.9225	0.07451220699  0.9189802127 I
538.24	0.07511708691  0.923142277 I
540.5625	0.07572471951  0.9273150852 I
542.89	0.07633510788  0.9314986468 I
545.2225	0.07694825515  0.9356929714 I
547.56	0.07756416441  0.9398980686 I
549.9025	0.07818283865  0.9441139479 I
552.25	0.07880428102  0.9483406189 I
554.6025	0.07942849452  0.9525780911 I
556.96	0.08005548214  0.9568263741 I
559.3225	0.08068524692  0.9610854775 I
561.69	0.08131779183  0.9653554108 I
564.0625	0.08195311982  0.9696361837 I
566.44	0.08259123385  0.9739278056 I
568.8225	0.08323213684  0.9782302862 I
571.21	0.08387583171  0.982543635 I
573.6025	0.08452232135  0.9868678616 I
576.	0.08517160864  0.9912029756 I
578.4025	0.08582369644  0.9955489866 I
580.81	0.08647858761  0.9999059042 I
583.2225	0.08713628491  1.004273738 I
585.64	0.08779679123  1.008652497 I
588.0625	0.08846010932  1.013042192 I
590.49	0.08912624195  1.017442832 I
592.9225	0.08979519191  1.021854426 I
595.36	0.09046696187  1.026276985 I
597.8025	0.09114155462  1.030710517 I
600.25	0.09181897284  1.035155032 I
602.7025	0.09249921922  1.03961054 I
605.16	0.09318229639  1.044077051 I
607.6225	0.0938682071  1.048554574 I
610.09	0.09455695385  1.053043119 I
612.5625	0.09524853935  1.057542695 I
615.04	0.09594296618  1.062053312 I
617.5225	0.09664023693  1.06657498 I
620.01	0.09734035415  1.071107708 I
622.5025	0.09804332041  1.075651505 I
625.	0.0987491382  1.080206383 I
627.5025	0.09945781008  1.084772349 I
630.01	0.1001693385  1.089349414 I
632.5225	0.100883726  1.093937587 I
635.04	0.101600975  1.098536878 I
637.5625	0.1023210879  1.103147297 I
640.09	0.1030440672  1.107768853 I
642.6225	0.1037699154  1.112401555 I
645.16	0.1044986346  1.117045414 I
647.7025	0.1052302275  1.12170044 I
650.25	0.1059646962  1.126366641 I
652.8025	0.1067020433  1.131044027 I
655.36	0.1074422709  1.135732609 I
657.9225	0.1081853814  1.140432395 I
660.49	0.108931377  1.145143395 I
663.0625	0.1096802602  1.149865619 I
665.64	0.110432033  1.154599077 I
668.2225	0.1111866978  1.159343778 I
670.81	0.1119442568  1.164099733 I
673.4025	0.1127047121  1.168866949 I
676.	0.1134680659  1.173645438 I
678.6025	0.1142343206  1.178435209 I
681.21	0.1150034781  1.183236271 I
683.8225	0.1157755405  1.188048634 I
686.44	0.1165505102  1.192872308 I
689.0625	0.1173283891  1.197707303 I
691.69	0.1181091793  1.202553628 I
694.3225	0.1188928829  1.207411292 I
696.96	0.1196795019  1.212280306 I
699.6025	0.1204690384  1.21716068 I
702.25	0.1212614944  1.222052422 I
704.9025	0.1220568718  1.226955542 I
707.56	0.1228551728  1.231870051 I
710.2225	0.1236563991  1.236795958 I
712.89	0.1244605528  1.241733272 I
715.5625	0.1252676359  1.246682003 I
718.24	0.1260776501  1.251642161 I
720.9225	0.1268905975  1.256613756 I
723.61	0.1277064799  1.261596797 I
726.3025	0.1285252991  1.266591293 I
729.	0.129347057  1.271597256 I
731.7025	0.1301717555  1.276614693 I
734.41	0.1309993963  1.281643616 I
737.1225	0.1318299812  1.286684033 I
739.84	0.132663512  1.291735955 I
742.5625	0.1334999905  1.29679939 I
745.29	0.1343394185  1.30187435 I
748.0225	0.1351817975  1.306960842 I
750.76	0.1360271294  1.312058878 I
753.5025	0.1368754158  1.317168467 I
756.25	0.1377266585  1.322289618 I
759.0025	0.138580859  1.327422341 I
761.76	0.139438019  1.332566646 I
764.5225	0.1402981402  1.337722543 I
767.29	0.1411612241  1.342890041 I
770.0625	0.1420272723  1.34806915 I
772.84	0.1428962864  1.35325988 I
775.6225	0.1437682681  1.35846224 I
778.41	0.1446432186  1.36367624 I
781.2025	0.1455211397  1.36890189 I
784.	0.1464020328  1.374139199 I
786.8025	0.1472858994  1.379388178 I
789.61	0.148172741  1.384648836 I
792.4225	0.1490625591  1.389921182 I
795.24	0.1499553549  1.395205227 I
798.0625	0.1508511301  1.400500979 I
800.89	0.151749886  1.40580845 I
803.7225	0.152651624  1.411127648 I
806.56	0.1535563454  1.416458583 I
809.4025	0.1544640515  1.421801265 I
812.25	0.1553747439  1.427155704 I
815.1025	0.1562884237  1.432521909 I
817.96	0.1572050921  1.437899891 I
820.8225	0.1581247507  1.443289658 I
823.69	0.1590474006  1.448691221 I
826.5625	0.159973043  1.454104589 I
829.44	0.1609016792  1.459529772 I
832.3225	0.1618333103  1.464966779 I
835.21	0.1627679377  1.470415622 I
838.1025	0.1637055625  1.475876308 I
841.	0.1646461858  1.481348848 I
843.9025	0.1655898089  1.486833252 I
846.81	0.1665364328  1.49232953 I
849.7225	0.1674860585  1.49783769 I
852.64	0.1684386873  1.503357744 I
855.5625	0.1693943203  1.508889699 I
858.49	0.1703529584  1.514433568 I
861.4225	0.1713146028  1.519989358 I
864.36	0.1722792545  1.52555708 I
867.3025	0.1732469144  1.531136744 I
870.25	0.1742175836  1.536728359 I
873.2025	0.1751912631  1.542331935 I
876.16	0.1761679538  1.547947482 I
879.1225	0.1771476566  1.553575009 I
882.09	0.1781303725  1.559214527 I
885.0625	0.1791161024  1.564866044 I
888.04	0.1801048473  1.570529571 I
891.0225	0.1810966079  1.576205118 I
894.01	0.1820913851  1.581892694 I
897.0025	0.1830891799  1.587592309 I
900.	0.184089993  1.593303973 I
903.0025	0.1850938252  1.599027695 I
906.01	0.1861006773  1.604763486 I
909.0225	0.1871105501  1.610511354 I
912.04	0.1881234444  1.616271311 I
915.0625	0.1891393609  1.622043365 I
918.09	0.1901583003  1.627827526 I
921.1225	0.1911802634  1.633623804 I
924.16	0.1922052508  1.639432209 I
927.2025	0.1932332631  1.64525275 I
930.25	0.1942643012  1.651085438 I
933.3025	0.1952983656  1.656930282 I
936.36	0.1963354569  1.662787291 I
939.4225	0.1973755758  1.668656476 I
942.49	0.1984187228  1.674537847 I
945.5625	0.1994648986  1.680431413 I
948.64	0.2005141037  1.686337183 I
951.7225	0.2015663385  1.692255168 I
954.81	0.2026216037  1.698185378 I
957.9025	0.2036798998  1.704127822 I
961.	0.2047412271  1.710082509 I
964.1025	0.2058055864  1.716049451 I
967.21	0.2068729779  1.722028655 I
970.3225	0.2079434022  1.728020133 I
973.44	0.2090168595  1.734023894 I
976.5625	0.2100933504  1.740039948 I
979.69	0.2111728753  1.746068305 I
982.8225	0.2122554346  1.752108973 I
985.96	0.2133410284  1.758161964 I
989.1025	0.2144296573  1.764227287 I
992.25	0.2155213216  1.770304951 I
995.4025	0.2166160215  1.776394967 I
998.56	0.2177137574  1.782497344 I
1001.7225	0.2188145294  1.788612092 I
1004.89	0.219918338  1.794739221 I
1008.0625	0.2210251832  1.80087874 I
1011.24	0.2221350654  1.807030659 I
1014.4225	0.2232479848  1.813194989 I
1017.61	0.2243639415  1.819371739 I
1020.8025	0.2254829357  1.825560918 I
1024.	0.2266049676  1.831762536 I
1027.2025	0.2277300372  1.837976604 I
1030.41	0.2288581449  1.844203131 I
1033.6225	0.2299892905  1.850442127 I
1036.84	0.2311234743  1.856693601 I
1040.0625	0.2322606963  1.862957563 I
1043.29	0.2334009565  1.869234024 I
1046.5225	0.234544255  1.875522993 I
1049.76	0.2356905919  1.881824479 I
1053.0025	0.2368399671  1.888138493 I
1056.25	0.2379923806  1.894465044 I
1059.5025	0.2391478324  1.900804142 I
1062.76	0.2403063224  1.907155797 I
1066.0225	0.2414678507  1.913520019 I
1069.29	0.242632417  1.919896817 I
1072.5625	0.2438000213  1.926286202 I
1075.84	0.2449706636  1.932688182 I
1079.1225	0.2461443436  1.939102769 I
1082.41	0.2473210613  1.94552997 I
1085.7025	0.2485008165  1.951969798 I
1089.	0.2496836089  1.95842226 I
1092.3025	0.2508694384  1.964887368 I
1095.61	0.2520583048  1.97136513 I
1098.9225	0.2532502079  1.977855557 I
1102.24	0.2544451475  1.984358659 I
1105.5625	0.2556431231  1.990874444 I
1108.89	0.2568441347  1.997402924 I
1112.2225	0.2580481818  2.003944107 I
1115.56	0.2592552642  2.010498004 I
1118.9025	0.2604653816  2.017064624 I
1122.25	0.2616785336  2.023643978 I
1125.6025	0.2628947198  2.030236074 I
1128.96	0.2641141207  2.036840924 I
1132.3225	0.2653361921  2.043458536 I
1135.69	0.26656148  2.05008892 I
1139.0625	0.2677897993  2.056732086 I
1142.44	0.2690211507  2.063388045 I
1145.8225	0.270255534  2.070056805 I
1149.21	0.2714929484  2.076738377 I
1152.6025	0.2727333935  2.083432771 I
1156.	0.273976869  2.090139995 I
1159.4025	0.2752233741  2.096860061 I
1162.81	0.2764729084  2.103592977 I
1166.2225	0.2777254714  2.110338754 I
1169.64	0.2789810624  2.117097402 I
1173.0625	0.2802396808  2.12386893 I
1176.49	0.2815013261  2.130653347 I
1179.9225	0.2827659976  2.137450665 I
1183.36	0.2840336947  2.144260893 I
1186.8025	0.2853044165  2.15108404 I
1190.25	0.2865781627  2.157920116 I
1193.7025	0.2878549324  2.164769131 I
1197.16	0.2891347249  2.171631095 I
1200.6225	0.2904175394  2.178506018 I
1204.09	0.2917033755  2.18539391 I
1207.5625	0.292992232  2.19229478 I
1211.04	0.2942841083  2.199208638 I
1214.5225	0.2955790037  2.206135494 I
1218.01	0.2968769173  2.213075358 I
1221.5025	0.2981778483  2.22002824 I
1225.	0.2994817958  2.226994149 I
1228.5025	0.300788759  2.233973095 I
1232.01	0.302098737  2.240965088 I
1235.5225	0.3034117289  2.247970139 I
1239.04	0.3047277338  2.254988256 I
1242.5625	0.3060467507  2.262019449 I
1246.09	0.3073687788  2.269063729 I
1249.6225	0.3086938171  2.276121105 I
1253.16	0.3100218646  2.283191587 I
1256.7025	0.3113529202  2.290275184 I
1260.25	0.3126869831  2.297371908 I
1263.8025	0.3140240521  2.304481767 I
1267.36	0.3153641263  2.311604771 I
1270.9225	0.3167072044  2.31874093 I
1274.49	0.3180532856  2.325890254 I
1278.0625	0.3194023687  2.333052752 I
1281.64	0.3207545863  2.340228436 I
1285.2225	0.3221096704  2.347417313 I
1288.81	0.323467753  2.354619395 I
1292.4025	0.3248288329  2.361834691 I
1296.	0.3261929089  2.369063211 I
1299.6025	0.32755998  2.376304964 I
1303.21	0.3289300448  2.383559961 I
1306.8225	0.3303031022  2.390828211 I
1310.44	0.3316791509  2.398109724 I
1314.0625	0.3330581897  2.40540451 I
1317.69	0.3344402172  2.412712579 I
1321.3225	0.3358252322  2.42003394 I
1324.96	0.3372132333  2.427368604 I
1328.6025	0.3386042193  2.43471658 I
1332.25	0.3399981888  2.442077879 I
1335.9025	0.3413951404  2.449452509 I
1339.56	0.3427950729  2.456840481 I
1343.2225	0.3441979846  2.464241804 I
1346.89	0.3456038745  2.471656489 I
1350.5625	0.3470127408  2.479084545 I
1354.24	0.3484245822  2.486525982 I
1357.9225	0.3498393974  2.49398081 I
1361.61	0.3512571846  2.501449039 I
1365.3025	0.3526779424  2.508930678 I
1369.	0.3541016696  2.516425738 I
1372.7025	0.3555283643  2.523934228 I
1376.41	0.3569580252  2.531456157 I
1380.1225	0.3583906507  2.538991537 I
1383.84	0.3598262392  2.546540376 I
1387.5625	0.3612647888  2.554102685 I
1391.29	0.3627062984  2.561678474 I
1395.0225	0.3641507661  2.569267751 I
1398.76	0.3655981904  2.576870527 I
1402.5025	0.3670485694  2.584486813 I
1406.25	0.3685019018  2.592116617 I
1410.0025	0.3699581856  2.599759949 I
1413.76	0.3714174192  2.60741682 I
1417.5225	0.3728796008  2.615087239 I
1421.29	0.3743447288  2.622771216 I
1425.0625	0.3758128014  2.630468761 I
1428.84	0.3772838167  2.638179883 I
1432.6225	0.3787577731  2.645904593 I
1436.41	0.3802346685  2.653642901 I
1440.2025	0.3817145015  2.661394815 I
1444.	0.3831972701  2.669160347 I
1447.8025	0.3846829723  2.676939505 I
1451.61	0.3861716064  2.6847323 I
1455.4225	0.3876631701  2.692538742 I
1459.24	0.3891576621  2.70035884 I
1463.0625	0.3906550801  2.708192604 I
1466.89	0.3921554224  2.716040045 I
1470.7225	0.3936586868  2.723901171 I
1474.56	0.3951648714  2.731775993 I
1478.4025	0.3966739744  2.73966452 I
1482.25	0.3981859934  2.747566763 I
1486.1025	0.3997009268  2.755482731 I
1489.96	0.4012187722  2.763412434 I
1493.8225	0.4027395279  2.771355882 I
1497.69	0.4042631916  2.779313085 I
1501.5625	0.4057897613  2.787284052 I
1505.44	0.4073192348  2.795268794 I
1509.3225	0.4088516102  2.80326732 I
1513.21	0.410386885  2.81127964 I
1517.1025	0.4119250574  2.819305764 I
1521.	0.413466125  2.827345702 I
1524.9025	0.4150100858  2.835399464 I
1528.81	0.4165569374  2.843467059 I
1532.7225	0.4181066776  2.851548497 I
1536.64	0.4196593043  2.859643788 I
1540.5625	0.4212148153  2.867752943 I
1544.49	0.4227732081  2.87587597 I
1548.4225	0.4243344808  2.88401288 I
1552.36	0.4258986304  2.892163682 I
1556.3025	0.4274656552  2.900328387 I
1560.25	0.4290355526  2.908507004 I
1564.2025	0.4306083204  2.916699543 I
1568.16	0.4321839561  2.924906014 I
1572.1225	0.4337624574  2.933126426 I
1576.09	0.4353438219  2.94136079 I
1580.0625	0.436928047  2.949609116 I
1584.04	0.4385151305  2.957871413 I
1588.0225	0.4401050699  2.966147691 I
1592.01	0.4416978626  2.97443796 I
1596.0025	0.4432935063  2.982742229 I
1600.	0.4448919983  2.991060509 I
1604.0025	0.4464933362  2.99939281 I
1608.01	0.4480975175  3.007739141 I
1612.0225	0.4497045395  3.016099512 I
1616.04	0.4513143998  3.024473933 I
1620.0625	0.4529270957  3.032862414 I
1624.09	0.4545426247  3.041264965 I
1628.1225	0.4561609844  3.049681595 I
1632.16	0.4577821713  3.058112315 I
1636.2025	0.4594061836  3.066557134 I
1640.25	0.4610330184  3.075016061 I
1644.3025	0.462662673  3.083489108 I
1648.36	0.4642951448  3.091976284 I
1652.4225	0.4659304307  3.100477598 I
1656.49	0.4675685284  3.108993061 I
1660.5625	0.469209435  3.117522682 I
1664.64	0.4708531477  3.126066471 I
1668.7225	0.4724996638  3.134624438 I
1672.81	0.4741489803  3.143196593 I
1676.9025	0.4758010948  3.151782945 I
1681.	0.4774560038  3.160383505 I
1685.1025	0.4791137052  3.168998283 I
1689.21	0.4807741955  3.177627287 I
1693.3225	0.4824374722  3.186270529 I
1697.44	0.4841035324  3.194928018 I
1701.5625	0.4857723729  3.203599763 I
1705.69	0.4874439911  3.212285775 I
1709.8225	0.4891183838  3.220986064 I
1713.96	0.4907955483  3.229700639 I
1718.1025	0.4924754813  3.23842951 I
1722.25	0.4941581799  3.247172687 I
1726.4025	0.4958436413  3.255930179 I
1730.56	0.4975318623  3.264701998 I
1734.7225	0.4992228396  3.273488152 I
1738.89	0.5009165707  3.282288652 I
1743.0625	0.5026130521  3.291103506 I
1747.24	0.5043122807  3.299932726 I
1751.4225	0.5060142539  3.308776321 I
1755.61	0.5077189678  3.3176343 I
1759.8025	0.5094264196  3.326506674 I
1764.	0.5111366063  3.335393453 I
1768.2025	0.5128495246  3.344294646 I
1772.41	0.5145651713  3.353210263 I
1776.6225	0.516283543  3.362140314 I
1780.84	0.5180046369  3.371084809 I
1785.0625	0.5197284492  3.380043758 I
1789.29	0.5214549772  3.389017171 I
1793.5225	0.5231842171  3.398005056 I
1797.76	0.524916166  3.407007425 I
1802.0025	0.5266508203  3.416024288 I
1806.25	0.5283881771  3.425055653 I
1810.5025	0.5301282324  3.434101531 I
1814.76	0.5318709835  3.443161931 I
1819.0225	0.5336164265  3.452236865 I
1823.29	0.5353645586  3.46132634 I
1827.5625	0.5371153755  3.470430368 I
1831.84	0.5388688746  3.479548958 I
1836.1225	0.5406250523  3.48868212 I
1840.41	0.5423839045  3.497829863 I
1844.7025	0.5441454284  3.506992198 I
1849.	0.5459096204  3.516169135 I
1853.3025	0.5476764767  3.525360683 I
1857.61	0.5494459942  3.534566852 I
1861.9225	0.5512181689  3.543787652 I
1866.24	0.5529929976  3.553023093 I
1870.5625	0.5547704764  3.562273185 I
1874.89	0.5565506021  3.571537937 I
1879.2225	0.5583333705  3.58081736 I
1883.56	0.5601187787  3.590111463 I
1887.9025	0.5619068229  3.599420256 I
1892.25	0.5636974987  3.608743749 I
1896.6025	0.5654908032  3.618081952 I
1900.96	0.5672867324  3.627434875 I
1905.3225	0.5690852828  3.636802527 I
1909.69	0.5708864503  3.646184919 I
1914.0625	0.5726902315  3.65558206 I
1918.44	0.5744966226  3.664993959 I
1922.8225	0.5763056196  3.674420628 I
1927.21	0.5781172188  3.683862076 I
1931.6025	0.5799314167  3.693318312 I
1936.	0.5817482089  3.702789347 I
1940.4025	0.583567592  3.71227519 I
1944.81	0.5853895622  3.721775851 I
1949.2225	0.5872141149  3.73129134 I
1953.64	0.5890412472  3.740821667 I
1958.0625	0.5908709545  3.750366842 I
1962.49	0.5927032333  3.759926874 I
1966.9225	0.5945380794  3.769501774 I
1971.36	0.5963754886  3.779091552 I
1975.8025	0.5982154575  3.788696216 I
1980.25	0.6000579817  3.798315777 I
1984.7025	0.6019030573  3.807950245 I
1989.16	0.6037506802  3.81759963 I
1993.6225	0.6056008466  3.827263942 I
1998.09	0.6074535526  3.836943189 I
2002.5625	0.6093087932  3.846637383 I
2007.04	0.6111665651  3.856346534 I
2011.5225	0.6130268641  3.86607065 I
2016.01	0.6148896861  3.875809741 I
2020.5025	0.6167550265  3.885563819 I
2025.	0.6186228817  3.895332892 I
2029.5025	0.620493247  3.90511697 I
2034.01	0.6223661191  3.914916064 I
2038.5225	0.6242414926  3.924730183 I
2043.04	0.6261193643  3.934559336 I
2047.5625	0.6279997291  3.944403535 I
2052.09	0.6298825834  3.954262788 I
2056.6225	0.6317679227  3.964137105 I
2061.16	0.6336557427  3.974026497 I
2065.7025	0.6355460389  3.983930972 I
2070.25	0.6374388074  3.993850542 I
2074.8025	0.6393340436  4.003785216 I
2079.36	0.641231743  4.013735004 I
2083.9225	0.6431319014  4.023699915 I
2088.49	0.6450345145  4.033679959 I
2093.0625	0.6469395777  4.043675147 I
2097.64	0.6488470866  4.053685487 I
2102.2225	0.650757037  4.063710991 I
2106.81	0.6526694242  4.073751668 I
2111.4025	0.6545842438  4.083807527 I
2116.	0.656501491  4.093878579 I
2120.6025	0.6584211618  4.103964833 I
2125.21	0.6603432516  4.1140663 I
2129.8225	0.6622677555  4.124182988 I
2134.44	0.6641946691  4.134314908 I
2139.0625	0.6661239881  4.144462071 I
2143.69	0.6680557075  4.154624484 I
2148.3225	0.669989823  4.16480216 I
2152.96	0.6719263296  4.174995106 I
2157.6025	0.6738652231  4.185203334 I
2162.25	0.6758064986  4.195426853 I
2166.9025	0.6777501515  4.205665673 I
2171.56	0.6796961771  4.215919803 I
2176.2225	0.6816445706  4.226189254 I
2180.89	0.6835953275  4.236474035 I
2185.5625	0.6855484426  4.246774157 I
2190.24	0.6875039122  4.257089629 I
2194.9225	0.6894617297  4.267420461 I
2199.61	0.6914218917  4.277766662 I
2204.3025	0.6933843938  4.288128244 I
2209.	0.6953492293  4.298505214 I
2213.7025	0.6973163951  4.308897585 I
2218.41	0.6992858856  4.319305364 I
2223.1225	0.7012576961  4.329728563 I
2227.84	0.7032318217  4.34016719 I
2232.5625	0.7052082575  4.350621256 I
2237.29	0.7071869983  4.361090771 I
2242.0225	0.7091680397  4.371575745 I
2246.76	0.7111513763  4.382076186 I
2251.5025	0.7131370033  4.392592106 I
2256.25	0.7151249155  4.403123514 I
2261.0025	0.717115108  4.41367042 I
2265.76	0.7191075762  4.424232833 I
2270.5225	0.7211023144  4.434810764 I
2275.29	0.7230993178  4.445404223 I
2280.0625	0.7250985815  4.456013218 I
2284.84	0.7271001002  4.466637761 I
2289.6225	0.7291038688  4.477277861 I
2294.41	0.7311098821  4.487933528 I
2299.2025	0.7331181353  4.498604771 I
2304.	0.7351286229  4.509291601 I
2308.8025	0.7371413402  4.519994027 I
2313.61	0.7391562806  4.53071206 I
2318.4225	0.7411734407  4.541445708 I
2323.24	0.7431928149  4.552194983 I
2328.0625	0.7452143967  4.562959893 I
2332.89	0.7472381819  4.573740448 I
2337.7225	0.7492641653  4.58453666 I
2342.56	0.7512923411  4.595348536 I
2347.4025	0.7533227042  4.606176088 I
2352.25	0.7553552495  4.617019325 I
2357.1025	0.7573899716  4.627878256 I
2361.96	0.7594268645  4.638752892 I
2366.8225	0.7614659238  4.649643243 I
2371.69	0.7635071431  4.660549318 I
2376.5625	0.7655505178  4.671471128 I
2381.44	0.767596042  4.682408681 I
2386.3225	0.7696437105  4.693361989 I
2391.21	0.7716935178  4.70433106 I
2396.1025	0.7737454588  4.715315905 I
2401.	0.7757995268  4.726316533 I
2405.9025	0.7778557174  4.737332955 I
2410.81	0.7799140251  4.74836518 I
2415.7225	0.7819744434  4.759413217 I
2420.64	0.7840369678  4.770477078 I
2425.5625	0.7861015921  4.781556772 I
2430.49	0.7881683114  4.792652308 I
2435.4225	0.7902371184  4.803763696 I
2440.36	0.7923080095  4.814890947 I
2445.3025	0.7943809779  4.826034069 I
2450.25	0.7964560181  4.837193074 I
2455.2025	0.7985331247  4.848367971 I
2460.16	0.8006122917  4.859558769 I
2465.1225	0.8026935138  4.870765478 I
2470.09	0.8047767848  4.881988109 I
2475.0625	0.8068620991  4.893226671 I
2480.04	0.8089494511  4.904481175 I
2485.0225	0.8110388349  4.915751629 I
2490.01	0.8131302446  4.927038043 I
2495.0025	0.8152236745  4.938340429 I
2500.	0.8173191189  4.949658794 I