0.01	2.9113283306759073E-7 +1.5819829262084E-9	0.0012091978298982482 +1.5820802445681318E-9
0.02	 -1.6940714010194858E-7 +9.188778199271295E-10	 -0.0005558017555497625 +9.191039460959598E-10
0.03	 -7.352244640262344E-9 -1.5689729951730594E-9	 -0.00012570494598346864 -1.5698418712606544E-9
0.04	9.75637940806943E-8 +3.8335613829577806E-10	 -0.00017795886627688424 +3.837336373010701E-10
0.05	3.224192665937961E-7 -3.2290924607176357E-9	0.0006990241560913546 -3.2340622067133575E-9
0.06	7.545560554978726E-7 +1.8064510159086752E-9	 -1.5637954767818748E-6 +1.810455895533805E-9
0.07	1.3626163708808975E-6 +1.66536004762738E-9	0.00015736255085340854 +1.6703873947916602E-9
0.08	1.671146250714628E-6 +1.4667935513852708E-9	 -0.00028109521246346114 +1.4725796300815882E-9
0.09	7.080541759360467E-6 -1.968669690687052E-52	 -0.000024984211735188552 +9.842368274525736E-65
0.1	6.861386842792348E-6 -2.430513125803275E-52	0.00002017746111783304 +1.2151071982781377E-64
0.11	8.206427762784355E-6 -2.9409967078561517E-52	0.000027193503847734566 +1.4702797081054106E-64
0.12	0.00001247227973048363 -3.500127934721404E-52	 -0.000059899937320374695 +1.7497543703502135E-64
0.13	0.00001578012448901602 -4.1079150104370585E-52	0.000030863387598435145 +2.053531166565793E-64
0.14	0.000021819201058995664 -4.764366843055537E-52	 -0.000018361850960799427 +2.3816101151989017E-64
0.15	0.00002700812152793501 -5.469493042314238E-52	0.000022279271285520332 +2.7339911961258097E-64
0.16	0.00003543226212712027 -6.223303917126122E-52	0.00004938147889611678 +3.110674426116292E-64
0.17	0.000045489533539571984 -7.025810472891526E-52	0.00005970491013769148 +3.511659801816394E-64
0.18	0.00005720843794973815 -7.877024408632909E-52	0.00007972835939014017 +3.9369473265800707E-64
0.19	0.00007124601458643711 -8.776958113954008E-52	0.000058648487494236986 +4.386536997053366E-64
0.2	0.00008800378196206616 -9.725624665825113E-52	0.00006888762799109018 +4.8604288031744165E-64
0.21	0.00010662019491871045 -1.0723037825196266E-51	0.00010699930602118843 +5.35862274494322E-64
0.22	0.0001283110762665695 -1.176921203344073E-51	0.00010230293018291073 +5.881118849191419E-64
0.23	0.0001533515525130303 -1.2864162408629616E-51	0.00014273932865615244 +6.427917082379461E-64
0.24	0.0001824444340930616 +3.788331503114147E-50	0.00017483769222213528 +6.999017474692944E-64
0.25	0.00021456343988238247 +3.74585559525063E-50	0.00020799114918401283 +7.594420002654181E-64
0.26	0.0002509607159795366 +3.7031405119035873E-50	0.0002488026825967945 +8.214124666263172E-64
0.27	0.00029195747820488625 +3.660184401945863E-50	0.00030449232544019314 +8.858131472227825E-64
0.28	0.00033762690393949145 +3.616985411001506E-50	0.00034809235159766807 +9.526440447379786E-64
0.29	0.0003889066568566098 +9.522147768448221E-50	0.0004557675017801338 +1.021905156488741E-63
0.3	0.00044506317075211475 +9.524985058055184E-50	0.0004209556591397948 +1.093596479791906E-63
0.31	0.0005076652205673327 +9.527916389399386E-50	0.0005291658705164924 +1.1677180200138012E-63
0.32	0.0005766016927919036 +9.530941552340071E-50	0.0005858546450962489 +1.244269773129681E-63
0.33	0.0006524605594101466 +9.534060330429454E-50	0.0006871735221796758 +1.323251740481127E-63
0.34	0.0007352384063005324 +9.53727250096703E-50	0.0007255870420271582 +1.4046639240805127E-63
0.35	0.0008258405236129344 +9.540577835055104E-50	0.0007930891663647799 +1.4885063212446737E-63
0.36	0.0009245884110132212 +9.54397609765572E-50	0.0009083117480307228 +1.5747789306320283E-63
0.37	0.0010319433730448626 +9.547467047648834E-50	0.0010436028403283352 +1.6634817555965308E-63
0.38	0.0011483598939410857 +9.551050437892077E-50	0.0011361081985807298 +1.7546147947966003E-63
0.39	0.0012745129035846713 +9.554726015281317E-50	0.0012537805391172308 +1.8481780502446092E-63
0.4	0.0014106919367380727 +9.558493520812786E-50	0.0014005449172295222 +1.9441715192573933E-63
0.41	0.0015575267267085682 +9.562352689646372E-50	0.0015454997890479397 +2.042595201834953E-63
0.42	0.0017155913105784536 +9.566303251169887E-50	0.0016994528903658782 +2.14344909931887E-63
0.43	0.0018855197135468204 +9.570344929064714E-50	0.0018803758412346907 +2.2467332117091445E-63
0.44	0.0020677921778631913 +9.574477441372277E-50	0.0020524194745782415 +2.3524475396765675E-63
0.45	0.0022629488874243904 +9.578700500561846E-50	0.002223927353654702 +2.4605920798671835E-63
0.46	0.0024717099756435975 +9.583013813599165E-50	0.002447646605915039 +2.571166834293366E-63
0.47	0.0026947162239297187 +9.587417082016239E-50	0.0026569808434302373 +2.684171804296698E-63
0.48	0.0029323391898043592 +9.591910001981925E-50	0.002892340403068121 +2.7996069885355956E-63
0.49	0.0031855912763631977 +9.596492264373526E-50	0.0031338308343509666 +2.917472388351642E-63
0.5	0.0034548493897519675 +9.601163554849326E-50	0.0033957341794685243 +3.03776799972009E-63
0.51	0.003741012075855215 +9.605923553921885E-50	0.003682023752594011 +3.1604938280072695E-63
0.52	0.0040447237191630035 +9.610771937032208E-50	0.003970158905523838 +3.285649867846851E-63
0.53	0.004366565396920321 +9.615708374624698E-50	0.004286722418289333 +3.4132361232635804E-63
0.54	0.004707358804698932 +9.620732532222796E-50	0.004623643732637001 +3.5432525969406227E-63
0.55	0.0050678448129417575 +9.6258440705055E-50	0.00496945617683027 +3.6756992808284853E-63
0.56	0.0054488022754689515 +9.631042645384325E-50	0.005342532086397492 +3.8105761789519144E-63
0.57	0.005850962097155245 +9.63632790808113E-50	0.005731273926442184 +3.947883292652492E-63
0.58	0.006275120007260241 +9.641699505206369E-50	0.006142592987181935 +4.087620617905472E-63
0.59	0.006722090303911074 +9.647157078838059E-50	0.006574990267383614 +4.229788165443511E-63
0.6	0.007192711995619068 +9.65270026660124E-50	0.007028499520130379 +4.374385920509206E-63
0.61	0.007687821579160135 +9.65832870174784E-50	0.007503462911265151 +4.5214138911520486E-63
0.62	0.008208211413909688 +9.664042013237168E-50	0.008010575302317116 +4.6708720746888765E-63
0.63	0.008754821662643474 +9.669839825816687E-50	0.008537835360308926 +4.822760473802853E-63
0.64	0.00932852258851087 +9.675721760103319E-50	0.009086520581660209 +4.977079091177142E-63
0.65	0.009930189380240874 +9.681687432664984E-50	0.009664473720106427 +5.133827918762251E-63
0.66	0.0105608294957812 +9.687736456102589E-50	0.010271966151915673 +5.293006960582927E-63
0.67	0.011221255070586899 +9.693868439132167E-50	0.010901047571866019 +5.454616220663914E-63
0.68	0.011912514069760188 +9.700082986667399E-50	0.011563488351585932 +5.618655692297305E-63
0.69	0.012635553270544934 +9.706379699902351E-50	0.012259358096683938 +5.78512538353259E-63
0.7	0.01339135210413697 +9.712758176394263E-50	0.012978539222378533 +5.954025283637113E-63
0.71	0.014180936675590719 +9.719218010146707E-50	0.01373220377773889 +6.125355393952456E-63
0.72	0.015005314206282639 +9.725758791692657E-50	0.01452112797492991 +6.299115726552859E-63
0.73	0.015865545963725514 +9.73238010817784E-50	0.015333490805496104 +6.475306268022499E-63
0.74	0.016762700995595604 +9.73908154344405E-50	0.016189042271937144 +6.653927030435616E-63
0.75	0.017697819391441553 +9.74586267811242E-50	0.01707050210662765 +6.834977997693226E-63
0.76	0.018672065679556614 +9.752723089666877E-50	0.01799396988783049 +7.018459192602222E-63
0.77	0.01968653983012637 +9.759662352537426E-50	0.018954235553037633 +7.204370589672545E-63
0.78	0.020742331711780346 +9.766680038183358E-50	0.019949369722837673 +7.3927122036616E-63
0.79	0.021840679157717372 +9.773775715176469E-50	0.020984985230328403 +7.58348403725255E-63
0.8	0.022982678480376932 +9.780948949284082E-50	0.022061154352049545 +7.776686079712738E-63
0.81	0.024169634534267195 +9.788199303551919E-50	0.023174088208938418 +7.972318337750074E-63
0.82	0.025402661121096005 +9.79552633838681E-50	0.024330770544507996 +8.170380810022976E-63
0.83	0.0266830589803917 +9.802929611639184E-50	0.025531783378483993 +8.370873497873026E-63
0.84	0.028012057450718397 +9.81040867868534E-50	0.026771052206933526 +8.573796405324972E-63
0.85	0.02939097004085056 +9.817963092509411E-50	0.028060270651834612 +8.779149518962991E-63
0.86	0.03082111942546343 +9.825592403785115E-50	0.029394719135017 +8.986932850861324E-63
0.87	0.03230373475542363 +9.833296160957085E-50	0.030772315547898818 +9.197146396995223E-63
0.88	0.03384027705431191 +9.841073910321973E-50	0.032200539973029275 +9.409790160047851E-63
0.89	0.03543203895058182 +9.848925196109076E-50	0.03367429900735096 +9.624864127944972E-63
0.9	0.0370804812120203 +9.856849560560681E-50	0.035202467819410097 +9.842368318127153E-63
0.91	0.03878696275267428 +9.86484654401188E-50	0.036779800023902416 +1.0062302725228062E-62
0.92	0.04055293652279793 +9.872915684970062E-50	0.038409631519086856 +1.028466733985663E-62
0.93	0.042379910369631985 +9.881056520193867E-50	0.04009101947465865 +1.0509462168720764E-62
0.94	0.04426934086896968 +9.889268584771668E-50	0.04182709058396115 +1.073668722255312E-62
0.95	0.04622274331319063 +9.897551412199612E-50	0.04361777439337149 +1.096634248257155E-62
0.96	0.0482416572117888 +9.905904534459051E-50	0.04546644822545326 +1.1198427954142383E-62
0.97	0.050327662007620476 +9.914327482093482E-50	0.04737398937998528 +1.1432943647998274E-62
0.98	0.05248232588551281 +9.922819784284901E-50	0.04933791882329943 +1.1669889553406567E-62
0.99	0.05470729347379688 +9.931380968929608E-50	0.051365092253234934 +1.1909265665000937E-62
1.	0.05700419897326856 +9.940010562713383E-50	0.05345139167429722 +1.2151072001563525E-62
1.01	0.059374722221129946 +9.94870809118603E-50	0.05560070356396122 +1.2395308544312188E-62
1.02	0.06182054990315085 +9.957473078835332E-50	0.05781608669435543 +1.2641975306662749E-62
1.03	0.06434344010839851 +9.966305049160307E-50	0.06009559708623631 +1.2891072285932038E-62
1.04	0.06694512099129055 +9.975203524743848E-50	0.06243983135259841 +1.3142599476753732E-62
1.05	0.06962740815766545 +9.984168027324614E-50	0.06485307616372998 +1.3396556873761498E-62
1.06	0.07239211177236653 +9.993198077868296E-50	0.06733388825044159 +1.365294449842065E-62
1.07	0.07524108363884983 +1.00022931966381E-49	0.0698867132601585 +1.3911762326582712E-62
1.08	0.07817621539322456 +1.00114529032646E-49	0.07251182144664914 +1.4173010382396164E-62
1.09	0.08119940994941471 +1.0020676716814718E-49	0.07520742543023941 +1.4436688641712522E-62
1.1	0.08431263404297182 +1.0029964155860094E-49	0.07797767059545153 +1.4702797117947614E-62
1.11	0.08751785462121014 +1.0039314738544622E-49	0.08082441463296024 +1.49713358137846E-62
1.12	0.09081709232310159 +1.0048727982651184E-49	0.08374902702506457 +1.5242304713124495E-62
1.13	0.09421241168862364 +1.0058203405667696E-49	0.08675171748082014 +1.5515703834749449E-62
1.14	0.09770589096978007 +1.0067740524852271E-49	0.08983345282621258 +1.5791533170609969E-62
1.15	0.10129966320323967 +1.0077338857297622E-49	0.09299485821106111 +1.6069792720706057E-62
1.16	0.10499589410979179 +1.008699791999464E-49	0.09624193909856528 +1.635048247967138E-62
1.17	0.10879677632587142 +1.0096717229895186E-49	0.09957116837734424 +1.6633602460921765E-62
1.18	0.11270455971070176 +1.0106496303973992E-49	0.10298695504794055 +1.6919152651041388E-62
1.19	0.11672152737378909 +1.0116334659289786E-49	0.10649005576601245 +1.7207133066129232E-62
1.2	0.12085000068622914 +1.0126231813045542E-49	0.1100812594906373 +1.749754367935366E-62
1.21	0.12509235204027566 +1.013618728264793E-49	0.11376167764327794 +1.7790384517546308E-62
1.22	0.1294509877476973 +1.0146200585765807E-49	0.1175353094768449 +1.8085655564608194E-62
1.23	0.13392836225304133 +1.0156271240387968E-49	0.12140061432041474 +1.8383356825905651E-62
1.24	0.13852697947654463 +1.0166398764880018E-49	0.1253617631707763 +1.8683488309488163E-62
1.25	0.14324938944839918 +1.0176582678040277E-49	0.1294194239155607 +1.8986050001939913E-62
1.26	0.14809818070196615 +1.0186822499154932E-49	0.13357368096881334 +1.9291041903260905E-62
1.27	0.153076007675006 +1.0197117748052239E-49	0.1378293566397133 +1.959846402418379E-62
1.28	0.15818556081308877 +1.0207467945155903E-49	0.1421844886749526 +1.990831636739173E-62
1.29	0.16342958487103784 +1.0217872611537531E-49	0.14664289401235286 +2.0220598916785748E-62
1.3	0.16881088499883337 +1.0228331268968256E-49	0.1512057815830903 +2.0535311675049005E-62
1.31	0.17433232097255366 +1.0238843439969422E-49	0.15587491206992213 +2.085245466364681E-62
1.32	0.17999679998688176 +1.0249408647862413E-49	0.1606522684084342 +2.117202785306436E-62
1.33	0.18580729752988837 +1.0260026416817644E-49	0.16553981338820153 +2.149403126208381E-62
1.34	0.19176684547561776 +1.0270696271902576E-49	0.17053796621499057 +2.1818464882655657E-62
1.35	0.19787853088938387 +1.028141773912893E-49	0.17564891487820364 +2.214532871477991E-62
1.36	0.20414550926021596 +1.0292190345498956E-49	0.1808758589832922 +2.247462276918922E-62
1.37	0.21057099319988234 +1.0303013619050906E-49	0.18621964514273434 +2.2806347037834096E-62
1.38	0.21715827832003154 +1.031388708890351E-49	0.19168102596889067 +2.314050151803137E-62
1.39	0.22391071063337145 +1.0324810285299693E-49	0.1972647041072464 +2.3477086207097894E-62
1.4	0.23083172172376062 +1.0335782739649318E-49	0.20296996107405177 +2.381610112113263E-62
1.41	0.23792480706900254 +1.034680398457112E-49	0.20879983193987492 +2.415754623867028E-62
1.42	0.2451935384338626 +1.0357873553933742E-49	0.2147566159605095 +2.450142157849299E-62
1.43	0.25264157468710696 +1.0368990982895901E-49	0.2208404069178416 +2.4847727129868103E-62
1.44	0.26027263216679347 +1.0380155807945734E-49	0.22705546441554983 +2.5196462900845107E-62
1.45	0.26809053139312133 +1.0391367566939226E-49	0.2334025733387153 +2.554762887532502E-62
1.46	0.2760991724107711 +1.0402625799137762E-49	0.23988423719029686 +2.5901225072089997E-62
1.47	0.28430253508666997 +1.041393004524495E-49	0.24650252253221397 +2.625725148040737E-62
1.48	0.2927046960263487 -4.210623619314902E-15	0.2532590751219301 +2.6615708113692974E-62
1.49	0.30130982222247465 +4.2106236193149E-15	0.26015700059590935 +2.697659494779832E-62
1.5	0.3101221836920534 +2.7339911993401385E-62	0.26719758908138636 +2.733991199345607E-62
1.51	0.3191461409208037 -4.210623619314902E-15	0.2743834994663477 +2.7705659269448363E-62
1.52	0.3283861646926022 +4.2106236193149E-15	0.28171666634268094 +2.807383673821092E-62
1.53	0.3378468278214986 +2.844444444530062E-62	0.2891993884944289 +2.8444444445357516E-62
1.54	0.34753282092789983 +4.210623619314901E-15	0.29683513478046086 +2.8817482353323855E-62
1.55	0.357448933482848 +2.919295047815054E-62	0.30462411373818027 +2.9192950478208926E-62
1.56	0.3676000921686648 -4.210623619314902E-15	0.3125707695844455 +2.95708488146464E-62
1.57	0.377991334979976 +2.995117737062587E-62	0.32067652404084074 +2.9951177370685773E-62
1.58	0.38862782207959656 -4.210623619314901E-15	0.3289431803537489 +3.03339361490102E-62
1.59	0.39951486179867907 -4.2106236193149E-15	0.3373739353084351 +3.0719125125471206E-62
1.6	0.4106578776960811 +3.110674431610557E-62	0.3459720065250114 +3.1106744316167785E-62
1.61	0.4220624552933603 +3.1496793734452755E-62	0.3547395429288321 +3.1496793734515747E-62
1.62	0.43373431057775513 +4.210623619314901E-15	0.36367828945423997 +3.188927335636662E-62
1.63	0.4456793210173573 -4.210623619314901E-15	0.37279246035492236 +3.2284183195136224E-62
1.64	0.45790351744040186 +2.105311809657451E-15	0.3820835511823064 +3.2681523245458235E-62
1.65	0.47041310063056163 +3.308129351799913E-62	0.3915551552557661 +3.30812935180653E-62
1.66	0.4832144350444683 +3.3483494004840953E-62	0.4012091762784459 +3.3483494004907927E-62
1.67	0.4963140675249549 +3.388812470323518E-62	0.4110495648076288 +3.3888124703302958E-62
1.68	0.5097187271758293 +4.210623619314901E-15	0.4210786432117225 +3.4295185607884067E-62
1.69	0.5234353356089203 +2.1053118096574505E-15	0.43129866624433655 +3.4704676734750235E-62
1.7	0.5374710184340666 -2.1053118096574505E-15	0.4417147419855938 +3.5116598081218295E-62
1.71	0.5518331031516247 +3.553094963380136E-62	0.4523280880851688 +3.553094963387243E-62
1.72	0.5665291393185017 -2.1053118096574505E-15	0.4631423509123267 +3.5947731400762134E-62
1.73	0.5815669025863152 +3.636694338449783E-62	0.4741608983108657 +3.6366943384570567E-62
1.74	0.5969544028633017 -4.210623619314902E-15	0.48538725258313564 +3.6788585582614563E-62
1.75	0.6126998991403535 +4.210623619314901E-15	0.4968250214760922 +3.721265800294362E-62
1.76	0.6288119062446481 -4.210623619314901E-15	0.5084766909475699 +3.763916062945875E-62
1.77	0.6452992099589072 -4.210623619314901E-15	0.5203466981941745 +3.806809346484312E-62
1.78	0.6621708764286504 +4.2106236193149E-15	0.5324378177358202 +3.849945651982938E-62
1.79	0.6794362667866501 +3.893324979165651E-62	0.5447545896741279 +3.8933249791734376E-62
1.8	0.6971050503434978 +4.210623619314901E-15	0.5572997963233753 +3.936947327787494E-62
1.81	0.7151872193248896 -2.1053118096574505E-15	0.5700777049366481 +3.9808126975567906E-62
1.82	0.7336931043272916 +2.10531180965745E-15	0.5830926131133661 +4.024921089286276E-62
1.83	0.7526333902931428 -2.10531180965745E-15	0.5963485337203304 +4.069272502171003E-62
1.84	0.7720191353075713 -2.1053118096574505E-15	0.6098484625806377 +4.113866935942652E-62
1.85	0.7918617871804777 +2.1053118096574505E-15	0.6235981500221434 +4.158704391406175E-62
1.86	0.8121732059489721 +4.210623619314901E-15	0.6376010424340426 +4.203784869098204E-62
1.87	0.8329656813898325 +4.249108367936974E-62	0.6518612897959231 +4.249108367945473E-62
1.88	0.8542519593087636 +4.294674887402759E-62	0.6663843376428731 +4.29467488741135E-62
1.89	0.8760452636246837 +4.340484430170316E-62	0.6811744825433781 +4.340484430178997E-62
1.9	0.8983593205783375 -2.10531180965745E-15	0.6962358175246884 +4.386536991955354E-62
1.91	0.9212083900320746 +4.4328325759513505E-62	0.7115746027051936 +4.432832575960216E-62
1.92	0.9446072926096509 +4.479371181647994E-62	0.727194770805836 +4.479371181656953E-62
1.93	0.968571440279859 +2.1053118096574505E-15	0.7431015281380963 +4.526152809582195E-62
1.94	0.993116872517093 -4.210623619314902E-15	0.7593008897429046 +4.573177457052778E-62
1.95	1.0182602905039644 -4.2106236193149E-15	0.7757979629451662 +4.6204451278251336E-62
1.96	1.0440190991630416 +4.667955819743393E-62	0.7925983533374781 +4.667955819752728E-62
1.97	1.0704114445156825 +4.715709532289499E-62	0.8097077444343188 +4.7157095322989315E-62
1.98	1.097456265175284 +4.763706266527479E-62	0.8271329727540285 +4.763706266537007E-62
1.99	1.1251733368532906 +4.811946023530597E-62	0.8448789101144945 +4.811946023540221E-62
2.	1.1535833256369044 -4.210623619314901E-15	0.8629530204702407 +4.860428799552144E-62
2.01	1.1827078499761825 -2.10531180965745E-15	0.8813614467643004 +4.90915459886584E-62
2.02	1.21256953593342 +4.958123419861491E-62	0.9001110283212883 +4.958123419871407E-62
2.03	1.2431920912367307 -2.105311809657451E-15	0.9192089215614645 +5.007335260422317E-62
2.04	1.2746003717891188 +2.1053118096574505E-15	0.9386618881893161 +5.056790123738365E-62
2.05	1.3068204695219003 +5.1064880076628076E-62	0.9584788241938168 +5.106488007673021E-62
2.06	1.3398797922310843 +5.1564289138258695E-62	0.9786658526854071 +5.156428913836182E-62
2.07	1.373807165453269 +5.206612840070905E-62	0.9992317603402585 +5.206612840081319E-62
2.08	1.4086329302551401 +4.2106236193149E-15	1.0201853394504927 +5.257039789091594E-62
2.09	1.444389059216661 -4.210623619314901E-15	1.0415350804610002 +5.307709760330375E-62
2.1	1.4811092926306701 -2.1053118096574505E-15	1.0632897391365739 +5.358622752724396E-62
2.11	1.5188292527319143 +2.1053118096574505E-15	1.0854584331119288 +5.409778763590493E-62
2.12	1.557586622688614 +5.461177800967236E-62	1.1080518798014678 +5.461177800978159E-62
2.13	1.5974212966142025 -4.210623619314901E-15	1.131079739385862 +5.5128198552280015E-62
2.14	1.6383755738812624 -2.105311809657451E-15	1.1545528782774452 +5.564704933852882E-62
2.15	1.6804943661940603 +5.616833032548503E-62	1.17848183067802 +5.616833032559737E-62
2.16	1.7238254246341504 +5.669204151337228E-62	1.2028789168394813 +5.669204151348566E-62
2.17	1.7684195999149688 +5.72181829450099E-62	1.227755885956909 +5.721818294512434E-62
2.18	1.814331129881137 +5.774675457746725E-62	1.2531257478866753 +5.774675457758275E-62
2.19	1.8616179645222213 +4.210623619314902E-15	1.2790009708145205 +5.8277756421593565E-62
2.2	1.9103421301269907 +5.881118847167282E-62	1.3053965545081054 +5.881118847179046E-62
2.21	1.960570130336027 +4.210623619314901E-15	1.3323267396295153 +5.934705076037139E-62
2.22	2.012373435256478 +5.988534323891963E-62	1.3598070318804734 +5.988534323903941E-62
2.23	2.065828980560389 +2.1053118096574505E-15	1.38785339007384 +6.042606595072515E-62
2.24	2.121019805919483 +6.096921886847501E-62	1.4164839498314659 +6.096921886859696E-62
2.25	2.1780357215698993 +6.151480200326447E-62	1.4457157240721827 +6.151480200338751E-62
2.26	2.236974127414671 +6.206281534960633E-62	1.4755688072891084 +6.206281534973045E-62
2.27	2.2979409161885913 -4.2106236193149E-15	1.5060636335735866 +6.261325891299213E-62
2.28	2.3610515721225633 +6.316613267158089E-62	1.5372210624235108 +6.3166132671707224E-62
2.29	2.426432398826645 +6.3721436695510555E-62	1.5690651045604342 +6.3721436695638E-62
2.3	2.4942220205707035 +2.1053118096574505E-15	1.6016201199809759 +6.427917087209157E-62
2.31	2.5645730986829856 +6.483933529216582E-62	1.634912940559279 +6.483933529229551E-62
2.32	2.637654414143833 +2.105311809657451E-15	1.6689711179121407 +6.540192992405185E-62
2.33	2.7136533470411437 +4.210623619314902E-15	1.7038255537888995 +6.596695477809326E-62
2.34	2.792778875700513 +6.653440983818766E-62	1.7395098624629077 +6.653440983832073E-62
2.35	2.8752652051820493 +2.105311809657451E-15	1.7760588179473027 +6.710429511010061E-62
2.36	2.961376262312763 +6.767661061476285E-62	1.8135114943907418 +6.767661061489821E-62
2.37	3.0514112137195966 +2.1053118096574505E-15	1.851910280178833 +6.825135632051555E-62
2.38	3.1457114498953174 +4.2106236193149E-15	1.8913012173842367 +6.8828532226952625E-62
2.39	3.2446693915821334 -2.105311809657451E-15	1.931735508545829 +6.940813836640744E-62
2.4	3.3487398252364478 +4.2106236193149E-15	1.9732692496717246 +6.999017471741464E-62
2.41	3.458454745775641 -2.105311809657451E-15	2.015965494250239 +7.057464128534057E-62
2.42	3.574442989522522 +7.11615380485776E-62	2.0598947435267005 +7.116153804871992E-62
2.43	3.6974568625180413 +7.1750865044973476E-62	2.10513603387515 +7.175086504511699E-62
2.44	3.8284089816743005 +7.2342622258288095E-62	2.1517797140580774 +7.234262225843278E-62
2.45	3.9684245926141557 +2.105311809657451E-15	2.199930303147634 +7.293680968866731E-62
2.46	4.118918106875387 +7.353342730884186E-62	2.2497093901317964 +7.353342730898893E-62
2.47	4.281709278062046 -2.10531180965745E-15	2.301259952003218 +7.413247516769458E-62
2.48	4.459207297045324 +4.210623619314901E-15	2.3547550530000803 +7.473395323795265E-62
2.49	4.654718882809718 -4.210623619314901E-15	2.410406521334805 +7.533786150903046E-62
2.5	4.873000956741875 +7.594419998614245E-62	2.468484078251471 +7.594419998629434E-62
2.51	5.121347749708304 +7.655296870715549E-62	2.5293414088963657 +7.65529687073086E-62
2.52	5.412025047130111 +2.1053118096574505E-15	2.593471414633983 +7.71641676291426E-62
2.53	5.768918900100863 +2.10531180965745E-15	2.66162138356144 +7.777779675716268E-62
2.54	6.253599848152469 -2.105311809657451E-15	2.7351172946290174 +7.839385611820046E-62
2.55	7.512378149379056 +1.3651985385158877E-7	2.8178033603173906 -4.0076370841569985E-9
2.56	7.453972235055285 +1.3219277567414056	2.9117813914299298 +0.013672566669505932
2.57	7.394321665706122 +1.8734287231032487	3.00319936868258 +0.03833544983439907
2.58	7.333473291038254 +2.2990411496187115	3.092120086804317 +0.06981802241056002
2.59	7.271472510211228 +2.6596912987227945	3.1786040040716927 +0.10656882687612988
2.6	7.2083630593636885 +2.97888790889738	3.262710764438715 +0.14766377570159847
2.61	7.144187156177096 +3.268639833085349	3.344497388741034 +0.19246356210230484
2.62	7.078985983195398 +3.5360516946483673	3.4240198307206997 +0.24048895141679547
2.63	7.0127990097399415 +3.7857332978505824	3.5013318905976476 +0.2913620330717119
2.64	6.945664686169366 +4.0208732849277995	3.5764870685978005 +0.34477432887135673
2.65	6.877620251466916 +4.243783736105195	3.649536395468725 +0.4004675962353561
2.66	6.8087014748754715 +4.456203092365977	3.720529350459908 +0.45822147487202164
2.67	6.738943190420037 +4.659476752935874	3.7895149818824345 +0.517845154396112
2.68	6.668378884811422 +4.854670746770586	3.856539951990033 +0.5791713657130162
2.69	6.597041562145453 +5.042646473084762	3.921650677628276 +0.6420521211219994
2.7	6.524962384713724 +5.224111642997517	3.9848916146921862 +0.7063553561566978
2.71	6.452171769368107 +5.3996560624428325	4.046305746071688 +0.7719624859994635
2.72	6.378699637391229 +5.569777419745386	4.105936245661246 +0.8387663595660607
2.73	6.30457435770231 +5.734900284763489	4.163823286547797 +0.9066697094693741
2.74	6.229823508731911 +5.895390378252425	4.220007656218136 +0.9755838568309209
2.75	6.154474007295096 +6.051565471409149	4.274527875869378 +1.045427638017248
2.76	6.078551668520075 +6.2037038368356	4.327422298435149 +1.116126534838569
2.77	6.002081571079396 +6.352050888964243	4.378727222140113 +1.187611924040846
2.78	5.92508824771145 +6.496824464662251	4.4284792126680745 +1.2598204550814154
2.79	5.847595049481655 +6.638219068086172	4.47671288828148 +1.332693517436414
2.8	5.769624551465673 +6.776409316544521	4.523462506887969 +1.40617675241299
2.81	5.691199184635205 +6.911552762854264	4.56876102015097 +1.4802196578526043
2.82	5.612339762167638 +7.043792225983634	4.612641228498038 +1.5547752692540244
2.83	5.533067406534134 +7.173257730157957	4.655134308141022 +1.6297997843881797
2.84	5.453401821236995 +7.300068129416677	4.696270866476991 +1.7052523614207977
2.85	5.373362576721678 +7.424332477395459	4.736081138205571 +1.7810948176183008
2.86	5.29296819351648 +7.546151189178189	4.774593872854041 +1.857291443627048
2.87	5.2122369281945975 +7.665617032252881	4.811837605291038 +1.933808818166585
2.88	5.131186173315991 +7.782815976087168	4.847840217075015 +2.010615597588135
2.89	5.049833252273658 +7.897827924024706	4.882628340472229 +2.087682381271464
2.9	4.9681943246952045 +8.010727346669391	4.916228291818802 +2.1649815962317867
2.91	4.886285334156028 +8.121583832359976	4.948665768984087 +2.242487329019066
2.92	4.804121744469628 +8.230462567514767	4.9799658889012015 +2.3201752078563165
2.93	4.721718600086633 +8.33742475737463	5.010152627289246 +2.3980223166891137
2.94	4.639090079459122 +8.442527995866135	5.03925020575125 +2.476007107298029
2.95	4.556250364890646 +8.545826591846287	5.067281175895741 +2.554109283331955
2.96	4.473212962337902 +8.647371857805352	5.094268640982568 +2.6323097318499022
2.97	4.389990986427182 +8.747212366134963	5.1202341980264805 +2.710590437291451
2.98	4.306596907251585 +8.84539417727371	5.145199453619936 +2.7889344329245107
2.99	4.223043142565009 +8.941961043385763	5.169185663100865 +2.8673257145764808
3.	4.139341591447311 +9.036954590683878	5.19221277788341 +2.9457491972229786
3.01	4.055503738015001 +9.130414483054823	5.214300874780311 +3.024190653279777
3.02	3.9715407811034855 +9.222378569266088	5.235469697088618 +3.102636658753779
3.03	3.8874631395432866 +9.312883015714354	5.255737971990596 +3.181074556741783
3.04	3.8032814861068283 +9.401962426408026	5.275124357130972 +3.259492388857925
3.05	3.719005916340951 +9.48964995164831	5.293646403822728 +3.3378788947013383
3.06	3.6346460974737442 +9.57597738668134	5.311322425719471 +3.4162234388113877
3.07	3.5502114877450834 +9.660975261428797	5.328169503765322 +3.4945159752279067
3.08	3.465711128742556 +9.744672922264465	5.344204148070918 +3.5727470526998313
3.09	3.381153922516102 +9.827098606683355	5.359442887700608 +3.6509077291212173
3.1	3.2965481975798165 +9.908279511606816	5.373901941894077 +3.728989576875258
3.11	3.2119026227545646 +9.988241855977348	5.3875966480168955 +3.806984656819217
3.12	3.1272247949395697 +10.067010938219813	5.400542613495986 +3.8848854820419754
3.13	3.04252272208141 +10.144611189078727	5.412754573215314 +3.9626849859933735
3.14	2.957803556988675 +10.221066220282962	5.424247165300677 +4.0403765145953034
3.15	2.873074729420248 +10.2963988694385	5.435034691223843 +4.117953795548423
3.16	2.7883430104062605 +10.37063124150556	5.445130454319397 +4.1954109289466635
3.17	2.7036153820426536 +10.443784747177574	5.454549024554713 +4.272742351272117
3.18	2.6188983639079497 +10.515880138445425	5.463302821289632 +4.349942833874018
3.19	2.5341980046508685 +10.586937541600545	5.471405324319773 +4.427007464816671
3.2	2.449520573412758 +10.656976487903762	5.478869120792959 +4.503931621114051
3.21	2.3648719105520657 +10.726015942123913	5.485706146835795 +4.580710956755978
3.22	2.2802576752461436 +10.79407432912932	5.491929019699804 +4.657341400005606
3.23	2.195683283129354 +10.861169558697087	5.497549418356948 +4.7338191351701
3.24	2.111154174245605 +10.927319048688954	5.5025791131099675 +4.810140569484455
3.25	2.0266755220478374 +10.992539746728081	5.507028573519183 +4.8863023590350485
3.26	1.9422519148903865 +11.05684815049812	5.510909888620481 +4.962301367282226
3.27	1.8578884188439826 +11.120260326774815	5.514233174582058 +5.03813466891712
3.28	1.773589693270947 +11.182791929289639	5.517009243443016 +5.113799528405033
3.29	1.6893598602227302 +11.244458215516222	5.5192483325906645 +5.189293394600624
3.3	1.6052034965269495 +11.305274062462198	5.52096049393789 +5.264613911016432
3.31	1.5211246959059352 +11.36525398154099	5.522156037497514 +5.339758871434414
3.32	1.4371272503954802 +11.424412132592375	5.5228436208346245 +5.414726236615668
3.33	1.353215249777907 +11.4827623371142	5.523033651515824 +5.489514117424179
3.34	1.2693921783525743 +11.540318090761915	5.522734846677131 +5.564120779748973
3.35	1.1856618531478829 +11.597092575168785	5.521956579418654 +5.638544618000415
3.36	1.1020273185611094 +11.653098669133795	5.5207074596786505 +5.712784157834705
3.37	1.018492361912677 +11.70834895922199	5.51899586130571 +5.786838053943905
3.38	0.9350599623582735 +11.762855749816493	5.516830860502037 +5.860705074440086
3.39	0.8517330557983566 +11.816631072659954	5.514220086750413 +5.934384116800587
3.4	0.7685146598036404 +11.869686695919222	5.511172251067978 +6.007874161486437
3.41	0.6854078708284816 +11.92203413280423	5.507695103906235 +6.081174304701916
3.42	0.6024150846997808 +11.973684649770473	5.503795947447242 +6.15428374884021
3.43	0.5195394330247164 +12.024649274331265	5.499482890073895 +6.227201771653548
3.44	0.4367828270374045 +12.074938802504615	5.494763003571321 +6.299927746532013
3.45	0.3541479655614323 +12.124563805917509	5.48964388826864 +6.372461132577682
3.46	0.27163741018325227 +12.173534638588302	5.484132580801406 +6.444801466057988
3.47	0.18925293138860022 +12.221861443407048	5.478235924714852 +6.516948364330674
3.48	0.10699705845546431 +12.269554158331648	5.471960579808475 +6.588901504538752
3.49	0.02487159145278981 +12.316622522316495	5.465313679621996 +6.660660649469134
3.5	 -0.057121141591721616 +12.363076080989535	5.458301509587354 +6.732225609451087
3.51	 -0.13897957903412553 +12.408924192091412	5.450930310665369 +6.803596273340727
3.52	 -0.2207016866575268 +12.454176030691277	5.443206501983003 +6.874772571875896
3.53	 -0.3022858063653115 +12.498840594190575	5.435136632339913 +6.945754500058641
3.54	 -0.38373025318493126 +12.542926707127373	5.426725812803335 +7.016542115892418
3.55	 -0.46503362566501993 +12.586443025791642	5.417980900928449 +7.087135518831151
3.56	 -0.5461940734265819 +12.629398042661643	5.408906999729666 +7.1575348406678145
3.57	 -0.6272105856133052 +12.671800090671127	5.399510073171254 +7.22774028723066
3.58	 -0.708081197725791 +12.713657347315973	5.389795759217607 +7.297752088585414
3.59	 -0.7888052317419646 +12.754977838608516	5.379769117112437 +7.36757052312735
3.6	 -0.8693807486081976 +12.79576944288774	5.369435820258492 +7.437195902757667
3.61	 -0.9498071635070741 +12.83603989449163	5.35880092346425 +7.506628578018866
3.62	 -1.0300829152077353 +12.875796787299848	5.347869503546179 +7.575868939095029
3.63	 -1.1102073297381185 +12.915047578151768	5.3366468327201595 +7.644917402364283
3.64	 -1.1901789298134984 +12.953799590146811	5.325137247899522 +7.713774416663257
3.65	 -1.2699970824343658 +12.992060015832106	5.313346275318679 +7.782440461571613
3.66	 -1.3496605615668986 +13.029835920283304	5.301278100056261 +7.850916052110392
3.67	 -1.4291688102993976 +13.067134244082725	5.288937488989324 +7.91920171245152
3.68	 -1.5085209822553736 +13.103961806200589	5.276329061276478 +7.987298007724659
3.69	 -1.5877161861039857 +13.140325306782724	5.263457191454816 +8.055205515152277
3.7	 -1.6667535909821425 +13.176231329849516	5.250326372411572 +8.122924841485075
3.71	 -1.7456329760015816 +13.211686345909708	5.236940717682286 +8.190456610903157
3.72	 -1.8243530267552692 +13.246696714493146	5.223304391006917 +8.257801469520748
3.73	 -1.9029134736744706 +13.281268686605369	5.209421555514095 +8.324960074678604
3.74	 -1.9813139636677104 +13.315408407107807	5.1952963284018105 +8.391933108197447
3.75	 -2.059553830689773 +13.349121917026661	5.180932511645296 +8.458721271849837
3.76	 -2.1376326475856966 +13.38241515579314	5.166334115900596 +8.525325269233257
3.77	 -2.215549727218057 +13.41529396341818	5.15150482993688 +8.591745831306948
3.78	 -2.293304861442503 +13.44776408260404	5.136448481674886 +8.657983692027296
3.79	 -2.370897561682262 +13.479831160795419	5.121168574117367 +8.724039612383615
3.8	 -2.4483278568395224 +13.511500752172438	5.105669031341484 +8.789914341464474
3.81	 -2.525594951947352 +13.542778319587876	5.089952912566165 +8.855608660040634
3.82	 -2.602698870018734 +13.573669236450357	5.074023728714953 +8.92112334906068
3.83	 -2.679639443007321 +13.604178788556176	5.057885462498638 +8.986459202383749
3.84	 -2.756416409938206 +13.634312175871191	5.04154087236087 +9.051617019911607
3.85	 -2.8330291638068874 +13.664074514264934	5.0249934296082435 +9.116597609258704
3.86	 -2.909478315126302 +13.693470837198278	5.00824608170922 +9.181401786166637
3.87	 -2.9857628980525086 +13.722506097367003	4.991302447228534 +9.246030376082546
3.88	 -3.0618833718886473 +13.75118516830213	4.974165207201089 +9.310484200218196
3.89	 -3.137839582549555 +13.77951284592901	4.956837477361281 +9.374764101004308
3.9	 -3.21363145191247 +13.807493850086546	4.939322328268201 +9.438870905562387
3.91	 -3.2892587799021826 +13.83513282600764	4.921622761006545 +9.502805467621798
3.92	 -3.364721824471562 +13.862434345762594	4.903741394754088 +9.566568629943669
3.93	 -3.4400204030034818 +13.889402909666439	4.8856812119517254 +9.630161235442761
3.94	 -3.5151546727771246 +13.91604294765142	4.867444800126993 +9.693584146223388
3.95	 -3.5901246376745464 +13.942358820605996	4.849035110781821 +9.756838209953179
3.96	 -3.664930449447857 +13.968354821681116	4.830454603917889 +9.819924284776802
3.97	 -3.739572054517684 +13.994035177565186	4.811706236414249 +9.882843237181625
3.98	 -3.8140497078780946 +14.01940404972842	4.7927921186321205 +9.945595920351904
3.99	 -3.8883636163928528 +14.044465535637729	4.773714901386131 +10.008183191901486
4.	 -3.962513635733503 +14.069223669943126	4.754477407975579 +10.070605917536936
4.01	 -4.0365001719402525 +14.093682425636123	4.735081791602115 +10.132864962117965
4.02	 -4.110323479830998 +14.117845715181645	4.715530209114191 +10.194961182020522
4.03	 -4.18398365292002 +14.141717391623747	4.695825389224254 +10.256895441383046
4.04	 -4.257480812841724 +14.165301249665971	4.675969654761151 +10.318668602105364
4.05	 -4.330815206827925 +14.188601026727374	4.655965145716163 +10.380281524144344
4.06	 -4.403987289076708 +14.211620403974678	4.635814030623068 +10.441735069153275
4.07	 -4.476997075103966 +14.234363007331414	4.6155184872919 +10.503030088421555
4.08	 -4.549845211371466 +14.256832408464588	4.595080750645138 +10.56416743995747
4.09	 -4.622531428688245 +14.279032125749652	4.574503095880105 +10.625147980843932
4.1	 -4.695056521059082 +14.300965625214173	4.553787191021401 +10.685972560840089
4.11	 -4.767420596642779 +14.3226363214612	4.53293541201679 +10.746642035925428
4.12	 -4.839623872837236 +14.344047578572441	4.511949819292463 +10.807157246444472
4.13	 -4.911666941958978 +14.365202710992	4.490832013567448 +10.867519046005789
4.14	 -4.983549822297054 +14.386104984391512	4.469584272381602 +10.927728273096683
4.15	 -5.055273316817582 +14.406757616516451	4.448208373783756 +10.987785767817417
4.16	 -5.126837348131729 +14.427163778015025	4.426706145822144 +11.047692363360548
4.17	 -5.198242261311516 +14.447326593249311	4.405079479939991 +11.107448901418888
4.18	 -5.269489038564008 +14.46724914108956	4.383330342501216 +11.167056209597257
4.19	 -5.340577497988317 +14.486934455692195	4.361460259944619 +11.226515110383906
4.2	 -5.411508240927528 +14.506385527261388	4.3394710317310965 +11.285826438512723
4.21	 -5.4822818028197 +14.52560530279533	4.3173645410792885 +11.344991003574796
4.22	 -5.55289824009838 +14.544596686817073	4.295142424548995 +11.404009630978436
4.23	 -5.623358151629381 +14.563362542090504	4.272806267927521 +11.462883127910144
4.24	 -5.693662144662765 +14.58190569032195	4.250357659464283 +11.521612303840117
4.25	 -5.763810152630262 +14.600228912847673	4.227798466621169 +11.580197966404299
4.26	 -5.833803356512411 +14.618334951307403	4.205130090602985 +11.638640910003465
4.27	 -5.9036417273874315 +14.63622650830473	4.182353867988798 +11.696941943366872
4.28	 -5.973325898863787 +14.653906248054227	4.159471726120242 +11.755101851858962
4.29	 -6.042856223004011 +14.671376797015833	4.136484990928804 +11.813121421899472
4.3	 -6.11223315650616 +14.688640744516853	4.113395167924773 +11.871001438986191
4.31	 -6.181457253988481 +14.70570064336165	4.090203794705942 +11.92874269092536
4.32	 -6.250529118513643 +14.722559010429663	4.066912069637929 +11.986345943141698
4.33	 -6.319448918790881 +14.739218327261728	4.043521789064364 +12.043811965865974
4.34	 -6.388217151417029 +14.755681040635052	4.020033962553454 +12.101141538268527
4.35	 -6.456834620069842 +14.771949563127196	3.996450181705955 +12.158335409566794
4.36	 -6.5253015267282946 +14.78802627366937	3.9727714829399945 +12.21539434238877
4.37	 -6.593618730426508 +14.80391351808898	3.9489998999617875 +12.272319086238511
4.38	 -6.661786255880536 +14.819613609642103	3.925136070803623 +12.329110393998603
4.39	 -6.729805013022281 +14.835128829535691	3.9011814630374504 +12.385769006811147
4.4	 -6.7976753820441616 +14.850461427440163	3.877137169169513 +12.44229566139016
4.41	 -6.865397631896226 +14.865613621992274	3.853004837030591 +12.4986910982088
4.42	 -6.932972560925373 +14.880587601288518	3.828785328908947 +12.554956041491746
4.43	 -7.000400744581532 +14.895385523369583	3.8044801624199467 +12.611091213515685
4.44	 -7.067682598177752 +14.91000951669562	3.7800902551266766 +12.667097336708219
4.45	 -7.1348186730187875 +14.924461680612874	3.7556168245936123 +12.72297513173577
4.46	 -7.201809166170526 +14.938744085811665	3.731061176692194 +12.778725297798397
4.47	 -7.26865511341032 +14.952858774775944	3.706424300551612 +12.834348553494836
4.48	 -7.3353564774965 +14.966807762224812	3.6817072763557803 +12.889845587385926
4.49	 -7.401914444034339 +14.980593035545754	3.6569114101007805 +12.945217101691185
4.5	 -7.468329185170615 +14.994216555220294	3.6320375549335195 +13.000463787687027
4.51	 -7.534601810768656 +15.00768025524172	3.6070868576319715 +13.055586332761532
4.52	 -7.600731371102097 +15.020986043525557	3.5820603588024302 +13.110585416639701
4.53	 -7.666719945355337 +15.034135802312205	3.556959181798164 +13.165461713495839
4.54	 -7.732567183132511 +15.047131388563027	3.5317842053941435 +13.220215897901099
4.55	 -7.798274480984108 +15.059974634348794	3.5065364567853394 +13.274848639085986
4.56	 -7.863841237455973 +15.072667347231661	3.481217010428724 +13.329360592409735
4.57	 -7.929268820254513 +15.08521131063995	3.4558267618546337 +13.383752431289626
4.58	 -7.994557609926811 +15.097608284236815	3.4303667303258303 +13.438024790525107
4.59	 -8.059708205702156 +15.109860004281964	3.4048378185198906 +13.492178330849335
4.6	 -8.124720707280188 +15.121968183987358	3.3792408879770774 +13.546213691975236
4.61	 -8.189596246369938 +15.133934513866395	3.3535768793509635 +13.600131510975942
4.62	 -8.254334904895282 +15.145760662077391	3.3278467204860256 +13.653932423318906
4.63	 -8.31893754380459 +15.157448274760696	3.302051439958061 +13.707617064826545
4.64	 -8.383404624440761 +15.168998976370188	3.2761917631898063 +13.76118605194523
4.65	 -8.447736675250821 +15.180414369999022	3.2502685758502152 +13.814640007412608
4.66	 -8.51193395737788 +15.191696037699728	3.2242827508117804 +13.86797955085361
4.67	 -8.575997616032224 +15.202845540798686	3.198234973705338 +13.921205291396044
4.68	 -8.639927672185843 +15.213864420205566	3.172126244332381 +13.974317834377622
4.69	 -8.703724958209014 +15.224754196717043	3.1459573443365447 +14.027317782369995
4.7	 -8.767389894343303 +15.235516371315683	3.119729161456242 +14.080205733405762
4.71	 -8.830923153203114 +15.246152425463517	3.093442302579192 +14.132982278309091
4.72	 -8.894325025663116 +15.25666382139082	3.0670976297689583 +14.185648014657536
4.73	 -8.957596514426301 +15.267052002379838	3.0406959740451245 +14.23820351364204
4.74	 -9.020737375094628 +15.277318393043936	3.0142379928237006 +14.29064936629398
4.75	 -9.0837490951629 +15.287464399601756	2.9877244664412195 +14.342986140288032
4.76	 -9.14663160588815 +15.297491410147169	2.9611560371335335 +14.395214412205618
4.77	 -9.209385250055414 +15.307400794914384	2.9345336049531086 +14.447334745626211
4.78	 -9.27201123168948 +15.317193906538698	2.9078577912470096 +14.49934770675615
4.79	 -9.3345097761337 +15.326872080313082	2.881129419393651 +14.55125385266771
4.8	 -9.396881149591108 +15.336436634440364	2.854348893804797 +14.603053732355603
4.81	 -9.459126295722385 +15.345888870281154	2.827517246162276 +14.654747898577943
4.82	 -9.521245947579036 +15.355230072597912	2.8006348890625614 +14.706336898863631
4.83	 -9.583239671546792 +15.364461509794861	2.7737026352588137 +14.757821272030961
4.84	 -9.645108752944422 +15.373584434153774	2.7467211414610464 +14.809201555477854
4.85	 -9.706853772883209 +15.382600082066327	2.7196909947851338 +14.860478287013871
4.86	 -9.768475131783156 +15.39150967426228	2.6926127829899467 +14.91165198622555
4.87	 -9.829973207647624 +15.400314416034066	2.6654873021316923 +14.962723185761675
4.88	 -9.891348746764994 +15.409015497457746	2.6383150917884195 +15.013692407326987
4.89	 -9.952602250364727 +15.41761409361035	2.611096658148228 +15.064560155677745
4.9	 -10.013733688262292 +15.426111364783722	2.583832766720404 +15.115326959327888
4.91	 -10.074744466022976 +15.434508456694747	2.5565239953483463 +15.165993316756255
4.92	 -10.135634632906056 +15.44280650069253	2.5291707902075595 +15.21655973707175
4.93	 -10.196404304684734 +15.45100661396196	2.5017739301830613 +15.267026723320422
4.94	 -10.257055109184536 +15.459109899723888	2.474333740301273 +15.317394766492773
4.95	 -10.3175863491307 +15.46711744743271	2.446851122868337 +15.367664365679689
4.96	 -10.377999286218206 +15.475030332969933	2.4193261894888995 +15.417836008068534
4.97	 -10.438294455707778 +15.482849618835374	2.3917600229326528 +15.46791017948864
4.98	 -10.498472004290342 +15.490576354334966	2.364152836836537 +15.517887364453419
4.99	 -10.55853247191998 +15.498211575765655	2.3365051707879996 +15.567768034160215
5.	 -10.618476804221434 +15.505756306597313	2.3088176371019666 +15.61755267241758
5.01	 -10.67830479106241 +15.513211557651962	2.2810907338061437 +15.667241742991596
5.02	 -10.738017530017196 +15.520578327279885	2.2533250067875272 +15.716835718903013
5.03	 -10.79761567094713 +15.527857601533212	2.225520884008308 +15.766335065303537
5.04	 -10.857098953424206 +15.53505035433673	2.1976788239487757 +15.815740231098486
5.05	 -10.916468826737995 +15.54215754765583	2.1697995371060723 +15.86505168476321
5.06	 -10.975724609023763 +15.549180131662151	2.141883463412541 +15.914269876926339
5.07	 -11.034867720697836 +15.556119044896242	2.1139308189663506 +15.96339525241539
5.08	 -11.093898422395155 +15.562975214428084	2.085942354132766 +16.012428262127585
5.09	 -11.152817369433075 +15.569749556014887	2.0579185182449273 +16.061369346190016
5.1	 -11.211624559133293 +15.576442974256494	2.0298596432726828 +16.110218949182066
5.11	 -11.270320800715675 +15.583056362748314	2.001766199829976 +16.158977495040904
5.12	 -11.328906525604713 +15.589590604232013	1.9736388488802108 +16.207645432330583
5.13	 -11.387382669498017 +15.59604657074381	1.945477833814329 +16.256223180758532
5.14	 -11.445748860547122 +15.60242512376054	1.9172836305186203 +16.30471116803216
5.15	 -11.504006139016333 +15.608727114343338	1.8890565964850274 +16.353109816543636
5.16	 -11.562155064746996 +15.61495338327932	1.8607973816864434 +16.401419548404235
5.17	 -11.620195347702031 +15.62110476122095	1.8325063117955045 +16.449640778877278
5.18	 -11.67812843071009 +15.627182068823268	1.8041837299130128 +16.497773918119773
5.19	 -11.73595453623999 +15.63318611687921	1.7758301379889752 +16.545819379457235
5.2	 -11.793673802031766 +15.639117706452662	1.7474459234751205 +16.59377757282139
5.21	 -11.851286876844938 +15.644977629009551	1.7190313941297626 +16.641648893384463
5.22	 -11.908794347510145 +15.650766666547044	1.6905870838054344 +16.689433752679562
5.23	 -11.966196537875469 +15.656485591720688	1.6621133423674184 +16.737132542694436
5.24	 -12.02349384336625 +15.662135167969625	1.6336104911764886 +16.784745653939165
5.25	 -12.080686820395481 +15.667716149640048	1.6050790726137805 +16.832273485179556
5.26	 -12.137775804362686 +15.673229282106655	1.5765193205026058 +16.87971642561484
5.27	 -12.19476153254912 +15.678675301892335	1.5479317466397142 +16.927074856612226
5.28	 -12.251644212125203 +15.684054936786096	1.5193165497691439 +16.97434916144572
5.29	 -12.308424477706163 +15.68936890595915	1.4906742034880724 +17.02153972368744
5.3	 -12.36510254727414 +15.694617920079432	1.4620049536595792 +17.068646917629124
5.31	 -12.4216791307525 +15.699802681424119	1.433309338887237 +17.115671122754346
5.32	 -12.478154407186684 +15.704923883990793	1.4045875740568035 +17.162612699828074
5.33	 -12.534529099361789 +15.709982213606722	1.3758401127988984 +17.20947202922151
5.34	 -12.590803483691724 +15.714978348036679	1.3470673116012157 +17.256249472691863
5.35	 -12.64697785432772 +15.719912957089113	1.3182693147635298 +17.302945390988825
5.36	 -12.703053007275928 +15.724786702720573	1.289446718838556 +17.349560151763313
5.37	 -12.759029087846626 +15.729600239139021	1.2605995685764468 +17.396094102758415
5.38	 -12.814906576002594 +15.734354212905092	1.231728395586976 +17.44254760814849
5.39	 -12.870686088254777 +15.739049263032385	1.2028335641189907 +17.488921017044408
5.4	 -12.926367793318493 +15.743686021085844	1.1739151776081191 +17.535214677738466
5.41	 -12.981952395721791 +15.748265111278982	1.1449737592808846 +17.581428945522244
5.42	 -13.037440130498108 +15.752787150569597	1.1160095147300944 +17.627564153060867
5.43	 -13.092831418913818 +15.757252748754064	1.087022781357203 +17.6736206525693
5.44	 -13.14812671995602 +15.761662508560256	1.0580139769783985 +17.719598781531726
5.45	 -13.20332646058655 +15.766017025739211	1.0289832664639538 +17.76549887369407
5.46	 -13.258431017367911 +15.770316889155318	0.9999308824037418 +17.811321271454005
5.47	 -13.313440937014823 +15.774562680875324	0.9708571586162175 +17.85706629807916
5.48	 -13.368356470059888 +15.778754976255989	0.9417625916248469 +17.902734293242357
5.49	 -13.423178157065355 +15.782894344030499	0.9126472402288788 +17.94832557301946
5.5	 -13.477906245703505 +15.786981346393631	0.8835115666045685 +17.99384047449098
5.51	 -13.532541271027517 +15.791016539085643	0.8543557165022337 +18.039279312812155
5.52	 -13.587083756763203 +15.795000471475062	0.8251800613346457 +18.084642408859704
5.53	 -13.641533835631602 +15.798933686640234	0.7959847324933201 +18.129930084623652
5.54	 -13.695891906323688 +15.802816721449684	0.7667700710488221 +18.17514265259642
5.55	 -13.750158636558565 +15.80665010664123	0.737536421813161 +18.220280432520873
5.56	 -13.804334278181063 +15.810434366900314	0.7082840477611861 +18.265343727176546
5.57	 -13.858419276458225 +15.8141700209368	0.6790130028183422 +18.310332849677003
5.58	 -13.912413786199254 +15.817857581561002	0.6497238672263329 +18.35524811435308
5.59	 -13.966318498780177 +15.821497555758283	0.6204167312917926 +18.40008980825911
5.6	 -14.020133606749061 +15.825090444763113	0.5910918737508005 +18.44485825132434
5.61	 -14.073859738017747 +15.828636744131508	0.5617495140661124 +18.48955373628812
5.62	 -14.12749696034767 +15.832136943812936	0.5323898713582472 +18.534176558796148
5.63	 -14.181045902808483 +15.835591528220757	0.5030131988013808 +18.578727021839438
5.64	 -14.234506820133973 +15.839000976302163	0.47361996660804173 +18.62320541491364
5.65	 -14.287880047861634 +15.842365761606588	0.44421007882477004 +18.66761203045609
5.66	 -14.341166128326057 +15.845686352353752	0.414783897003348 +18.711947159391155
5.67	 -14.394365194797734 +15.848963211500235	0.3853417699690906 +18.756211088205436
5.68	 -14.447477943651371 +15.852196796805307	0.3558838235558781 +18.800404104888088
5.69	 -14.500504543025892 +15.85538756089608	0.3264103245036325 +18.844526494518252
5.7	 -14.553445353830709 +15.85853595133129	0.2969214469429378 +18.88857853490756
5.71	 -14.606300716549155 +15.861642410664611	0.2674174525760525 +18.93256050399465
5.72	 -14.659071123512337 +15.864707376506777	0.23789862302106238 +18.97647268860686
5.73	 -14.711756853752004 +15.867731281587092	0.20836512154725284 +19.02031535670845
5.74	 -14.764358332691678 +15.870714553813864	0.17881709048356031 +19.064088785213386
5.75	 -14.816875784100937 +15.873657616334278	0.14925487486739172 +19.10779324684873
5.76	 -14.869309645802257 +15.876560887593055	0.1196786104381352 +19.15142901165241
5.77	 -14.921660362213775 +15.879424781390652	0.09008861177429586 +19.194996349896503
5.78	 -14.973928109806517 +15.882249706940602	0.06048487383520619 +19.238495526326556
5.79	 -15.026113398662353 +15.885036068925789	0.03086782851115254 +19.281926803101875
5.8	 -15.07821647659654 +15.887784267554393	0.001237529305510013 +19.325290447006253
5.81	 -15.130237685786135 +15.89049469861463	 -0.028405711700441597 +19.36858671794724
5.82	 -15.182177493968874 +15.893167753529015	 -0.058061681293161437 +19.41181587189172
5.83	 -15.234036067260186 +15.895803819407968	 -0.08773030407593875 +19.454978173754135
5.84	 -15.285813846128715 +15.898403279102203	 -0.11741134284295086 +19.498073874529315
5.85	 -15.337511266940302 +15.900966511255072	 -0.14710459613394936 +19.5411032341767
5.86	 -15.389128480474374 +15.903493890353678	 -0.17680982172673693 +19.584066493171495
5.87	 -15.440665969979415 +15.90598578677945	 -0.206526914942118 +19.626963912337974
5.88	 -15.492123927776326 +15.908442566858216	 -0.236255579097507 +19.669795738750146
5.89	 -15.543502699962014 +15.910864592909283	 -0.265995700130277 +19.712562218562788
5.9	 -15.594802886869553 +15.913252223294055	 -0.2957471734757272 +19.755263598433807
5.91	 -15.646024395320286 +15.915605812464015	 -0.3255096375156341 +19.797900119908295
5.92	 -15.697167976772237 +15.917925711007946	 -0.35528292510368026 +19.84047203208802
5.93	 -15.74823359028605 +15.92021226569854	 -0.3850670369029695 +19.882979564987643
5.94	 -15.799221760257737 +15.922465819538417	 -0.4148617195964045 +19.925422966022666
5.95	 -15.850132775356434 +15.92468671180556	 -0.44466671009534736 +19.96780247476673
5.96	 -15.900966947591566 +15.92687527809809	 -0.47448202089315333 +20.01011831886257
5.97	 -15.951724665316917 +15.929031850378344	 -0.504307199214049 +20.05237074189912
5.98	 -16.002406120330377 +15.93115675701666	 -0.5341423254874968 +20.094559970020494
5.99	 -16.053011636532673 +15.933250322834189	 -0.5639871228039841 +20.136686234218562
6.	 -16.10354166961867 +15.935312869145491	 -0.5938414798669197 +20.178749771670937
6.01	 -16.15399631303263 +15.93734471380033	 -0.6237051877124705 +20.220750803654234
6.02	 -16.204376037988347 +15.939346171224978	 -0.6535780498226076 +20.262689561815424
6.03	 -16.2546811412044 +15.94131755246303	 -0.6834599317661577 +20.30456627024485
6.04	 -16.30491204661738 +15.943259165215592	 -0.7133506982202015 +20.34638115376823
6.05	 -16.355068573867722 +15.945171313881128	 -0.7432502838987142 +20.388134431112665
6.06	 -16.40515154729674 +15.947054299594317	 -0.7731583203547374 +20.429826327243774
6.07	 -16.45516111286607 +15.948908420265045	 -0.8030747883635553 +20.471457061060466
6.08	 -16.505097468132817 +15.950733970616383	 -0.8329995358603854 +20.5130268495331
6.09	 -16.55496104730077 +15.95253124222225	 -0.862932505183481 +20.554535910438663
6.1	 -16.604752013046763 +15.954300523544584	 -0.8928732038020594 +20.595984461004253
6.11	 -16.654470753471625 +15.956042099970006	 -0.9228217903180559 +20.637372715214994
6.12	 -16.704117663661293 +15.957756253846062	 -0.952778139428056 +20.678700883849537
6.13	 -16.75369284242774 +15.959443264516757	 -0.9827418747994319 +20.71996917989737
6.14	 -16.803196554126508 +15.961103408358069	 -1.012713050279807 +20.761177814512873
6.15	 -16.852629202738967 +15.962736958812505	 -1.0426914596457981 +20.802326993014983
6.16	 -16.901991099933664 +15.964344186423508	 -1.0726769201739603 +20.84341692297493
6.17	 -16.951282502247885 +15.965925358869397	 -1.1026693207906904 +20.884447815534905
6.18	 -17.00050359402751 +15.967480740996823	 -1.1326686083170079 +20.92541986804836
6.19	 -17.04965471968852 +15.96901059485366	 -1.1626744773903577 +20.966333290825048
6.2	 -17.098736309239086 +15.970515179721698	 -1.1926869873024073 +21.00718828443622
6.21	 -17.14774845285967 +15.971994752148806	 -1.2227058181585073 +21.04798505041417
6.22	 -17.196691505197403 +15.97344956598063	 -1.252730814674934 +21.088723788600966
6.23	 -17.24556575368256 +15.97487987239197	 -1.2827620357048861 +21.129404693205675
6.24	 -17.29437129741907 +15.976285919917796	 -1.3127993357326702 +21.170027967361563
6.25	 -17.343108616380206 +15.977667954483564	 -1.3428424186111376 +21.210593807256995
6.26	 -17.39177796666115 +15.979026219435623	 -1.3728913414623867 +21.25110240088963
6.27	 -17.440379450250077 +15.980360955570825	 -1.4029457966895211 +21.291553951743957
6.28	 -17.48891366053344 +15.981672401165886	 -1.4330057397392848 +21.331948643319777
6.29	 -17.53738048704558 +15.982960792006567	 -1.4630711579266005 +21.372286671974614
6.3	 -17.58578045714182 +15.984226361416134	 -1.4931417542852476 +21.412568228555738
6.31	 -17.634113690418555 +15.985469340283641	 -1.5232174365597222 +21.45279349975539
6.32	 -17.68238061148139 +15.986689957091965	 -1.5532981854698495 +21.492962675946558
6.33	 -17.73058119082656 +15.987888437945296	 -1.5833837567186115 +21.533075939482213
6.34	 -17.77871601157369 +15.989065006596206	 -1.6134742003174354 +21.573133481598383
6.35	 -17.82678515911681 +15.99021988447275	 -1.6435692545077067 +21.613135484248325
6.36	 -17.874788863819045 +15.991353290704858	 -1.673668701414591 +21.65308213437644
6.37	 -17.92272751158492 +15.992465442150497	 -1.7037727298654874 +21.692973605853023
6.38	 -17.97060116873514 +15.993556553421616	 -1.7338810483104954 +21.73281008915153
6.39	 -18.018410319479287 +15.994626836909536	 -1.7639935400559785 +21.772591756568147
6.4	 -18.066155085073216 +15.995676502810323	 -1.7941100326894543 +21.812318795679538
6.41	 -18.1138357229827 +15.996705759149586	 -1.824230541021297 +21.85199138108952
6.42	 -18.16145242611586 +15.997714811807075	 -1.8543549462322 +21.891609683479018
6.43	 -18.20900554517109 +15.99870386454091	 -1.8844830057246715 +21.93117388747454
6.44	 -18.2564953415269 +15.99967311901162	 -1.9146148112336188 +21.97068416609999
6.45	 -18.303921912400394 +16.000622774805734	 -1.9447500743014823 +22.0101406923043
6.46	 -18.351285681197073 +16.001553029459174	 -1.9748887267770296 +22.049543637698118
6.47	 -18.398586631840107 +16.002464078480436	 -2.0050308484474173 +22.088893176362085
6.48	 -18.44582536117062 +16.003356115373208	 -2.035176130961144 +22.128189479778424
6.49	 -18.493001746101925 +16.00422933165899	 -2.065324407039428 +22.16743271307591
6.5	 -18.540116380562704 +16.005083916899252	 -2.0954758403938407 +22.206623048925596
6.51	 -18.587169243241387 +16.005920058717525	 -2.1256300858641666 +22.245760657431585
6.52	 -18.63416055753708 +16.006737942820884	 -2.1557871450325257 +22.284845703648905
6.53	 -18.681090721258652 +16.007537753021438	 -2.1859469927871658 +22.323878351384252
6.54	 -18.727959899511234 +16.008319671257677	 -2.216109472713729 +22.362858766956723
6.55	 -18.774768177230495 +16.009083877615	 -2.246274367219678 +22.4017871191785
6.56	 -18.82151606094998 +16.009830550346525	 -2.276441814099164 +22.440663563153148
6.57	 -18.868203549144564 +16.01055986589355	 -2.306611458705803 +22.479488266492403
6.58	 -18.914831058051615 +16.01127199890552	 -2.336783347063046 +22.518261389362298
6.59	 -18.96139868571892 +16.01196712226002	 -2.366957338926909 +22.556983091980094
6.6	 -19.007906677607167 +16.012645407082292	 -2.397133501847791 +22.59565353708849
6.61	 -19.054355227380288 +16.013307022764764	 -2.427311442284833 +22.634272877595254
6.62	 -19.10074463172288 +16.01395213698603	 -2.457491444446959 +22.67284127637144
6.63	 -19.147075117896 +16.014580915730004	 -2.487673057482325 +22.711358886490565
6.64	 -19.19334672290932 +16.01519352330437	 -2.517856469025066 +22.749825869730692
6.65	 -19.239559926204667 +16.0157901223592	 -2.548041367384212 +22.788242373215148
6.66	 -19.285714724606084 +16.016370873905146	 -2.5782278598458443 +22.826608555234113
6.67	 -19.331811533243396 +16.01693593733142	 -2.608415684469464 +22.864924572936882
6.68	 -19.377850464780156 +16.01748547042365	 -2.6386048449026007 +22.903190575027455
6.69	 -19.423831623366986 +16.018019629381456	 -2.6687952320905777 +22.94140671035939
6.7	 -19.469755527763844 +16.01853856883571	 -2.698986820315128 +22.979573134012785
6.71	 -19.515622107767115 +16.019042441865924	 -2.729179424759665 +23.017689997537982
6.72	 -19.561431598052195 +16.01953140001695	 -2.759373057148416 +23.05575744656502
6.73	 -19.607184310076867 +16.02000559331587	 -2.789567610062184 +23.093775634155797
6.74	 -19.652880459037497 +16.02046517028848	 -2.81976289973392 +23.13174470022296
6.75	 -19.698520271012377 +16.02091027797569	 -2.8499590192385957 +23.16966479574322
6.76	 -19.74410372313398 +16.021341061949627	 -2.880155846391081 +23.20753607063615
6.77	 -19.789631327616757 +16.021757666329677	 -2.9103531207965325 +23.24535866656884
6.78	 -19.835103104460316 +16.02216023379801	 -2.9405509555543756 +23.283132727817655
6.79	 -19.88051929644422 +16.02254890561553	 -2.9707492124111856 +23.320858398854092
6.8	 -19.925880176226375 +16.02292382163688	 -3.0009478229945823 +23.35853582076006
6.81	 -19.9711857973457 +16.023285120325962	 -3.0311467880824905 +23.396165139608808
6.82	 -20.016436498282676 +16.023632938770728	 -3.0613457596394 +23.433746494514825
6.83	 -20.06163239551358 +16.023967412698166	 -3.0915450176332557 +23.47128002482744
6.84	 -20.10677377478906 +16.0242886764889	 -3.1217441629135747 +23.508765872505002
6.85	 -20.151860671268505 +16.024596863191743	 -3.151943325042983 +23.546204178539156
6.86	 -20.196893414548427 +16.024892104537948	 -3.182142464029477 +23.583595078232005
6.87	 -20.241872204431154 +16.025174530955333	 -3.2123413873335105 +23.620938709512874
6.88	 -20.286797151295517 +16.025444271582476	 -3.2425400566741955 +23.658235210560026
6.89	 -20.331668523000157 +16.02570145428225	 -3.2727383211521133 +23.695484715090295
6.9	 -20.376486490688414 +16.025946205655657	 -3.3029362549040804 +23.73268736297645
6.91	 -20.421251223586125 +16.026178651055275	 -3.3331337279465205 +23.769843286115783
6.92	 -20.465962873162233 +16.026398914598595	 -3.3633306830261493 +23.80695261904142
6.93	 -20.510621684570584 +16.0266071191812	 -3.3935269721418915 +23.844015497732393
6.94	 -20.555227928233435 +16.026803386489732	 -3.423722632670809 +23.881032052596538
6.95	 -20.59978159809672 +16.026987837014946	 -3.4539175360819674 +23.918002415512607
6.96	 -20.64428306359462 +16.02716059006417	 -3.4841116505356515 +23.954926720983817
6.97	 -20.688732345206297 +16.027321763774037	 -3.5143047304539836 +23.991805094496247
6.98	 -20.73312973024382 +16.02747147512295	 -3.544497042852719 +24.028637669997558
6.99	 -20.777475305842614 +16.027609839943214	 -3.5746883307586037 +24.065424575928827
7.	 -20.82176948018003 +16.027736972933216	 -3.604878467413724 +24.10216593989656
7.01	 -20.866012132448244 +16.027852987669565	 -3.6350674944184185 +24.138861894454173
7.02	 -20.910203704038246 +16.02795799661868	 -3.6652553211401777 +24.175512558617758
7.03	 -20.954344195758168 +16.0280521111488	 -3.6954418840362377 +24.21211807020442
7.04	 -20.998433802854066 +16.028135441541334	 -3.7256271296297006 +24.248678548909222
7.05	 -21.04247279053194 +16.028208097002366	 -3.75581084053122 +24.285194118250754
7.06	 -21.08646133168684 +16.028270185674046	 -3.7859932653558848 +24.321664910124092
7.07	 -21.130399591300403 +16.028321814645718	 -3.816174188967311 +24.35809104186102
7.08	 -21.174287663312406 +16.02836308996491	 -3.8463534150395127 +24.394472640326722
7.09	 -21.218125672713093 +16.028394116648453	 -3.8765310975342433 +24.43080982816432
7.1	 -21.261913975928245 +16.028414998692988	 -3.906707024361331 +24.467102727244285
7.11	 -21.30565266333678 +16.028425839085866	 -3.9368811506573103 +24.5033514609446
7.12	 -21.349341906169684 +16.02842673981569	 -3.9670535521506842 +24.53955614846647
7.13	 -21.392981782091063 +16.02841780188262	 -3.997224006160652 +24.575716913931743
7.14	 -21.436572606279267 +16.028399125308763	 -4.027392537246436 +24.611833875033803
7.15	 -21.480114448241697 +16.02837080914837	 -4.057559077795602 +24.647907149865183
7.16	 -21.52360759311398 +16.028332951497887	 -4.087723572203134 +24.68393686029857
7.17	 -21.56705209548089 +16.028285649505936	 -4.117885933009201 +24.71992312069955
7.18	 -21.610448090368617 +16.02822899938319	 -4.148046209341252 +24.755866053723693
7.19	 -21.65379582393137 +16.02816309641198	 -4.178204248371596 +24.791765771173043
7.2	 -21.697095413108816 +16.02808803495609	 -4.208359970735627 +24.827622397614185
7.21	 -21.740347103063947 +16.02800390847012	 -4.238513387234179 +24.863436038951754
7.22	 -21.783550958789316 +16.027910809509	 -4.268664416109966 +24.89920681832262
7.23	 -21.82670716162523 +16.027808829737257	 -4.298813037481063 +24.93493484696256
7.24	 -21.869815887086677 +16.027698059938157	 -4.3289590813296295 +24.97062024100469
7.25	 -21.91287728181118 +16.02757859002287	 -4.359102686169588 +25.006263114770558
7.26	 -21.955891554988558 +16.027450509039404	 -4.389243611356822 +25.041863577454517
7.27	 -21.99885881284268 +16.0273139051815	 -4.4193819765747255 +25.07742174424924
7.28	 -22.041779217830644 +16.027168865797474	 -4.449517602213225 +25.11293773076662
7.29	 -22.08465292719813 +16.027015477398777	 -4.479650498558068 +25.148411644193825
7.3	 -22.12748006420152 +16.026853825668702	 -4.509780554052128 +25.183843596600553
7.31	 -22.17026084755348 +16.02668399547081	 -4.539907750938703 +25.2192337015971
7.32	 -22.212995434486615 +16.026506070857316	 -4.570032129686391 +25.254582062222052
7.33	 -22.255683881708016 +16.0263201350775	 -4.600153430037017 +25.28988879628799
7.34	 -22.298326517766075 +16.026126270585735	 -4.630271876121392 +25.32515400994733
7.35	 -22.340923335177298 +16.025924559049724	 -4.660387178138161 +25.360377808732636
7.36	 -22.38347447142127 +16.02571508135857	 -4.690499459131338 +25.395560300842515
7.37	 -22.425980158205515 +16.02549791763056	 -4.720608544440253 +25.430701600397814
7.38	 -22.468440526470886 +16.025273147221064	 -4.750714462494212 +25.46580180886465
7.39	 -22.510855740806534 +16.02504084873039	 -4.780817141283189 +25.500861032567112
7.4	 -22.55322593603964 +16.024801100011366	 -4.810916510057715 +25.53587937939061
7.41	 -22.59555117885382 +16.024553978176932	 -4.841012499793823 +25.570856957685855
7.42	 -22.63783173199597 +16.02429955960763	 -4.871105227263049 +25.60579386651321
7.43	 -22.68006771846507 +16.024037919959106	 -4.901194534189655 +25.64069021194307
7.44	 -22.72225923903809 +16.023769134169363	 -4.931280300325457 +25.675546099441657
7.45	 -22.764406420850285 +16.023493276466066	 -4.961362559405752 +25.710361634954815
7.46	 -22.806509462279635 +16.023210420373598	 -4.991441260752073 +25.745136919519236
7.47	 -22.848568511928388 +16.02292063872036	 -5.021516453152262 +25.779872055753202
7.48	 -22.890583577614084 +16.02262400364565	 -5.051587860566841 +25.81456714354943
7.49	 -22.93255504857365 +16.02232058660661	 -5.081655689773152 +25.849222287602775
7.5	 -22.974482891571636 +16.022010458385108	 -5.111719788748235 +25.88383758880892
7.51	 -23.01636719067779 +16.02169368909458	 -5.141780087837102 +25.91841314963913
7.52	 -23.058208311203664 +16.021370348186622	 -5.171836519070706 +25.95294906665573
7.53	 -23.100006102531985 +16.021040504457734	 -5.201889171801324 +25.9874454444152
7.54	 -23.14176091597449 +16.020704226055894	 -5.231937838860083 +26.02190237837795
7.55	 -23.183472829033825 +16.020361580486913	 -5.261982641358331 +26.056319967730957
7.56	 -23.2251419732849 +16.02001263462101	 -5.292023430705362 +26.090698315361102
7.57	 -23.266768443241265 +16.019657454699132	 -5.322060255587877 +26.125037515110634
7.58	 -23.308352496425417 +16.019296106339176	 -5.352093003485863 +26.15933766665981
7.59	 -23.349894050770207 +16.01892865454228	 -5.382121539754121 +26.193598868087673
7.6	 -23.391393363010028 +16.018555163698903	 -5.412146118657089 +26.227821213773957
7.61	 -23.43285080590129 +16.01817569759488	 -5.442166339768377 +26.262004803909406
7.62	 -23.47426610757021 +16.01779031941766	 -5.472182491190052 +26.29614972972426
7.63	 -23.515639620721355 +16.017399091761913	 -5.502194290902698 +26.330256089312996
7.64	 -23.556971373596483 +16.017002076635706	 -5.532201842298398 +26.364323981290536
7.65	 -23.598261407873206 +16.016599335466157	 -5.562204997603762 +26.398353495360745
7.66	 -23.639510210193485 +16.01619092910517	 -5.5922038636398845 +26.432344727026287
7.67	 -23.680717684200538 +16.015776917835343	 -5.622198306036371 +26.466297770235418
7.68	 -23.721883930581285 +16.01535736137533	 -5.652188282009769 +26.500212723651945
7.69	 -23.763009104583936 +16.014932318885645	 -5.682173793485777 +26.534089671873723
7.7	 -23.8040932735843 +16.014501848974035	 -5.712154713475384 +26.567928715696098
7.71	 -23.84513674246367 +16.014066009700908	 -5.742131161149104 +26.601729939800254
7.72	 -23.886139340018257 +16.013624858584883	 -5.772103009397094 +26.635493442944885
7.73	 -23.927101577500913 +16.01317845260794	 -5.802070214232296 +26.669219313011165
7.74	 -23.968023249955696 +16.012726848220893	 -5.832032764170726 +26.702907644661224
7.75	 -24.008904630549562 +16.01227010134841	 -5.861990612101397 +26.73655852380023
7.76	 -24.0497458454052 +16.01180826739436	 -5.8919437165297905 +26.770172044138356
7.77	 -24.090546965502817 +16.011341401246774	 -5.921892081440341 +26.803748293749162
7.78	 -24.13130819122321 +16.01086955728302	 -5.951835664327882 +26.83728736436455
7.79	 -24.17202953845643 +16.01039278937473	 -5.98177433840493 +26.87078934416136
7.8	 -24.21271115659586 +16.00991115089282	 -6.0117082245236935 +26.90425432086318
7.81	 -24.2533532118217 +16.00942469471223	 -6.041637184372314 +26.937682386863603
7.82	 -24.293955836446532 +16.008933473217	 -6.071561220561529 +26.971073625901205
7.83	 -24.334519032235367 +16.00843753830487	 -6.101480293374709 +27.004428130478814
7.84	 -24.37504307653779 +16.007936941392117	 -6.13139427773062 +27.037745983449177
7.85	 -24.415527926612327 +16.007431733418237	 -6.161303328550346 +27.0710272753923
7.86	 -24.455973875735 +16.006921964850495	 -6.191207286400923 +27.104272089310033
7.87	 -24.496380892714544 +16.00640768568867	 -6.2211061275884765 +27.13748051286384
7.88	 -24.536749165611443 +16.005888945469508	 -6.250999960549099 +27.170652636314536
7.89	 -24.577078809115378 +16.005365793271178	 -6.280888495885868 +27.203788538329405
7.9	 -24.617369924172397 +16.004838277717816	 -6.310771839320592 +27.23688830830762
7.91	 -24.65762248067809 +16.004306446983914	 -6.340650114347148 +27.269952031160358
7.92	 -24.697836950831483 +16.003770348798483	 -6.3705230856314 +27.30297979238392
7.93	 -24.738013072916637 +16.003230030449764	 -6.400390711647094 +27.335971673021383
7.94	 -24.77815111418704 +16.002685538789017	 -6.430253064904642 +27.36892775874335
7.95	 -24.818251279987738 +16.002136920235078	 -6.4601100905489846 +27.401848133791653
7.96	 -24.85831350417437 +16.00158422077848	 -6.489961749376715 +27.434732881992197
7.97	 -24.898338082873728 +16.001027485985343	 -6.519807981678952 +27.467582080749946
7.98	 -24.93832496824619 +16.00046676100185	 -6.5496487530065135 +27.50039582009314
7.99	 -24.978274284899705 +15.999902090557992	 -6.5794841497383825 +27.53317417662296
8.	 -25.01818621317241 +15.999333518971591	 -6.609313974867531 +27.565917235545236
8.01	 -25.058060874995117 +15.99876109015247	 -6.6391383035254306 +27.598625080653168
8.02	 -25.097898392639607 +15.998184847606133	 -6.668957247409685 +27.63129778439186
8.03	 -25.137698672792396 +15.997604834437816	 -6.698770397122584 +27.663935436737965
8.04	 -25.17746212296462 +15.997021093356151	 -6.728578120155322 +27.696538113342417
8.05	 -25.21718853162293 +15.996433666677238	 -6.758380160540709 +27.729105898408935
8.06	 -25.256878264874658 +15.995842596328039	 -6.788176491871434 +27.761638864853776
8.07	 -25.2965313832869 +15.99524792385035	 -6.817967271045502 +27.79413709907686
8.08	 -25.336147920806397 +15.994649690404493	 -6.847752302255045 +27.826600679169182
8.09	 -25.375727977659928 +15.99404793677282	 -6.8775314815577735 +27.859029680880003
8.1	 -25.41527164604616 +15.993442703363366	 -6.907305106141959 +27.891424186486606
8.11	 -25.45477918771218 +15.992834030213439	 -6.937072838218228 +27.923784271978825
8.12	 -25.494250487231536 +15.99222195699321	 -6.966834704024467 +27.956110016912966
8.13	 -25.53368576175813 +15.991606523009038	 -6.996590875821802 +27.988401500468772
8.14	 -25.57308511217465 +15.990987767207075	 -7.026341105842553 +28.020658795581184
8.15	 -25.612448680991832 +15.990365728176624	 -7.056085410314038 +28.052881983640095
8.16	 -25.651776456093536 +15.989740444153622	 -7.085823842877038 +28.085071138820297
8.17	 -25.69106865215746 +15.989111953023787	 -7.1155563876220285 +28.117226338849814
8.18	 -25.73032523918608 +15.988480292326136	 -7.145282975612356 +28.14934766012034
8.19	 -25.769546470451672 +15.987845499256213	 -7.175003475761112 +28.181435177696176
8.2	 -25.808732360645518 +15.987207610669227	 -7.204718013013424 +28.21348896920612
8.21	 -25.847882925704727 +15.98656666308349	 -7.234426579866723 +28.245509107071495
8.22	 -25.88699848348888 +15.985922692683317	 -7.264129019704067 +28.277495670158046
8.23	 -25.926079049665372 +15.985275735322471	 -7.293825403261128 +28.309448730198053
8.24	 -25.965124548587468 +15.984625826527097	 -7.323515712121744 +28.341368362458656
8.25	 -26.004135263780228 +15.983973001498812	 -7.353199897884835 +28.373254642825888
8.26	 -26.04311115976863 +15.983317295117837	 -7.382877861899235 +28.40510764009694
8.27	 -26.082052516010076 +15.982658741945961	 -7.412549713448527 +28.436927437184504
8.28	 -26.12095931463626 +15.981997376229629	 -7.442215336310242 +28.468714099329777
8.29	 -26.159831594124874 +15.981333231902745	 -7.47187474428947 +28.50046770107568
8.3	 -26.198669585393457 +15.980666342589739	 -7.5015279208739365 +28.532188319500285
8.31	 -26.237473342050468 +15.979996741608415	 -7.531174893572797 +28.56387602463402
8.32	 -26.276242760053684 +15.979324461972894	 -7.560815515559889 +28.59553088332781
8.33	 -26.314978252264453 +15.978649536396281	 -7.590449763194366 +28.627152976448144
8.34	 -26.353679772858946 +15.9779719972937	 -7.620077870646294 +28.658742370199207
8.35	 -26.392347287906674 +15.977291876784955	 -7.649699491711677 +28.690299140009824
8.36	 -26.430981174062197 +15.976609206697312	 -7.679314873908421 +28.721823352415655
8.37	 -26.469581252326122 +15.97592401856822	 -7.708923733635582 +28.7533150822025
8.38	 -26.508147649042495 +15.97523634364807	 -7.738526200458104 +28.784774398133536
8.39	 -26.546680568549316 +15.974546212902757	 -7.76812226391192 +28.81620137340249
8.4	 -26.58518010911197 +15.973853657016452	 -7.797711883142106 +28.847596073313742
8.41	 -26.623646334116906 +15.973158706394194	 -7.827294910259721 +28.878958569497414
8.42	 -26.662079277851152 +15.972461391164456	 -7.856871540630086 +28.91028893609648
8.43	 -26.70047901183394 +15.971761741181691	 -7.886441664799052 +28.941587237506987
8.44	 -26.738845719307037 +15.97105978602894	 -7.916005265632783 +28.972853543490746
8.45	 -26.77717929757679 +15.970355555020332	 -7.9455622972449484 +29.004087924443837
8.46	 -26.81548016352232 +15.969649077203528	 -7.975112773606483 +29.03529044764015
8.47	 -26.853748233762744 +15.968940381362263	 -8.004656680318174 +29.066461183810123
8.48	 -26.891983498356947 +15.968229496018798	 -8.034193892676369 +29.097600199632634
8.49	 -26.930186171983703 +15.96751644943624	 -8.063724441570477 +29.12870756056473
8.5	 -26.968356305903605 +15.966801269621017	 -8.093248488686788 +29.15978333644999
8.51	 -27.006494014210674 +15.96608398432521	 -8.122765796410846 +29.190827594965167
8.52	 -27.044599287085838 +15.965364621049003	 -8.152276365562592 +29.221840405358186
8.53	 -27.082672272902837 +15.96464320704285	 -8.18178020490599 +29.25282182820998
8.54	 -27.12071303148987 +15.963919769309864	 -8.211277481773008 +29.283771936848904
8.55	 -27.15872170853983 +15.963194334608117	 -8.240767867648998 +29.314690793155357
8.56	 -27.19669852710339 +15.962466929452809	 -8.270251586647515 +29.345578468013255
8.57	 -27.234643092889797 +15.961737580118678	 -8.299728487113686 +29.376435022750353
8.58	 -27.272555932234436 +15.961006312641947	 -8.329198687999735 +29.407260523982316
8.59	 -27.31043693979091 +15.960273152822744	 -8.358661892674316 +29.43805503988806
8.6	 -27.34828646726635 +15.959538126227132	 -8.388118324001914 +29.468818630983822
8.61	 -27.38610413347229 +15.958801258189446	 -8.417568027497799 +29.499551368580892
8.62	 -27.42389038379368 +15.958062573814102	 -8.447010749714957 +29.530253311734814
8.63	 -27.461645257470188 +15.957322097977965	 -8.476446597063296 +29.56092452935855
8.64	 -27.499368604470273 +15.956579855332416	 -8.505875582156332 +29.59156508273728
8.65	 -27.5370607623476 +15.955835870305185	 -8.535297647524002 +29.622175036566833
8.66	 -27.574721669274382 +15.955090167102759	 -8.56471274860363 +29.652754454358668
8.67	 -27.612351544768853 +15.954342769712033	 -8.594120901850069 +29.683303401188198
8.68	 -27.649950232060167 +15.953593701902594	 -8.623522138049134 +29.713821940947664
8.69	 -27.68751801522048 +15.952842987228536	 -8.652916309033905 +29.744310134531148
8.7	 -27.72505496666476 +15.952090649030527	 -8.682303650139266 +29.77476804713453
8.71	 -27.76256097870928 +15.951336710437698	 -8.71168384151887 +29.8051957382294
8.72	 -27.80003638084449 +15.95058119436955	 -8.741056957623055 +29.83559327521729
8.73	 -27.837481183141737 +15.949824123537901	 -8.77042317458695 +29.865960717058574
8.74	 -27.874895301231188 +15.949065520448872	 -8.79978228892538 +29.89629812700394
8.75	 -27.91227898093812 +15.94830540740451	 -8.829134254911132 +29.926605563522553
8.76	 -27.949632191927538 +15.947543806504855	 -8.858479209800235 +29.956883093882972
8.77	 -27.986955157284957 +15.946780739649656	 -8.887816966511195 +29.987130776955052
8.78	 -28.02424781425037 +15.946016228540286	 -8.917147725311404 +30.017348675878615
8.79	 -28.06151028152384 +15.945250294681461	 -8.946471270809674 +30.04753684633586
8.8	 -28.098742641359387 +15.944482959383066	 -8.975787680657254 +30.07769535457709
8.81	 -28.135944929845696 +15.943714243761846	 -9.005096910502452 +30.107824259398203
8.82	 -28.173117324792855 +15.942944168743237	 -9.034398989562796 +30.13792361936075
8.83	 -28.210259795223514 +15.942172755063126	 -9.063693880896643 +30.1679934999588
8.84	 -28.247372436638457 +15.941400023269361	 -9.092981580882629 +30.198033955684824
8.85	 -28.284455359768646 +15.940625993723726	 -9.12226198052453 +30.228045049753863
8.86	 -28.32150875826425 +15.939850686603386	 -9.151535224617612 +30.258026839771993
8.87	 -28.358532370378832 +15.93907412190273	 -9.18080121173314 +30.28797938400953
8.88	 -28.395526612134802 +15.93829631943484	 -9.21005994869372 +30.317902745848354
8.89	 -28.432491353692704 +15.93751729883334	 -9.239311303842186 +30.347796979524322
8.9	 -28.469426760655043 +15.93673707955374	 -9.268555484557053 +30.377662148832567
8.91	 -28.506332886397423 +15.935955680875344	 -9.297792287899556 +30.40749830666839
8.92	 -28.543209737545286 +15.935173121902558	 -9.327021821141496 +30.43730551724161
8.93	 -28.58005748829171 +15.934389421566657	 -9.356244013439516 +30.46708383477146
8.94	 -28.616876202949 +15.933604598627221	 -9.385458838741513 +30.49683331945533
8.95	 -28.65366575960027 +15.932818671673717	 -9.414666327654286 +30.52655402772267
8.96	 -28.690426588067396 +15.932031659126984	 -9.44386641259042 +30.556246017547636
8.97	 -28.727158407364698 +15.93124357924095	 -9.473059236350782 +30.585909345798157
8.98	 -28.76386138715834 +15.930454450103788	 -9.502244549688717 +30.615544071760596
8.99	 -28.80053582773504 +15.929664289639573	 -9.531422520998515 +30.64515025009751
9.	 -28.837181552853238 +15.92887311560986	 -9.560592988863984 +30.674727939649745
9.01	 -28.873798718641005 +15.928080945614957	 -9.589756080137047 +30.70427719640018
9.02	 -28.910387231706665 +15.927287797095463	 -9.618911711236267 +30.733798075241683
9.03	 -28.94694736150042 +15.926493687333641	 -9.648060001855946 +30.76329063610362
9.04	 -28.983479226788063 +15.925698633454788	 -9.677200783416664 +30.792754932569625
9.05	 -29.019982710212986 +15.924902652428841	 -9.706333962972126 +30.8221910197651
9.06	 -29.056457816825755 +15.924105761071567	 -9.735459709194544 +30.851598955219615
9.07	 -29.092904914260924 +15.9233079760459	 -9.764578026620928 +30.880978791891103
9.08	 -29.129323920898017 +15.922509313863493	 -9.793688767272213 +30.9103305894918
9.09	 -29.165714852536833 +15.921709790885911	 -9.822792001365512 +30.93965440055854
9.1	 -29.202077847956723 +15.920909423326039	 -9.85188770301142 +30.968950279166112
9.11	 -29.238412893639634 +15.920108227249418	 -9.880975767669298 +30.998218280917975
9.12	 -29.274720158513425 +15.919306218575443	 -9.910056434960273 +31.027458464667486
9.13	 -29.310999589469027 +15.91850341307871	 -9.9391294567606 +31.056670877810422
9.14	 -29.347251414629614 +15.91769982639045	 -9.968194879567818 +31.085855579653437
9.15	 -29.383475464433474 +15.916895473999578	 -9.99725276111857 +31.115012621518268
9.16	 -29.419672073141374 +15.916090371254047	 -10.026302937861512 +31.14414205970346
9.17	 -29.45584107064779 +15.91528453336214	 -10.055345626074848 +31.173243947715182
9.18	 -29.49198269861964 +15.914477975393613	 -10.084380686957289 +31.20231833886077
9.19	 -29.528096965416545 +15.913670712280984	 -10.11340798732584 +31.23136528367584
9.2	 -29.564183883337638 +15.912862758820815	 -10.142427820129225 +31.260384839366893
9.21	 -29.60024347415115 +15.912054129674749	 -10.17143979072988 +31.289377056077463
9.22	 -29.636276014159677 +15.911244839370765	 -10.200444288857742 +31.318341991463072
9.23	 -29.672281438760372 +15.910434902304386	 -10.229441029974584 +31.347279693568755
9.24	 -29.708259715228763 +15.909624332739915	 -10.25843013840357 +31.376190214531974
9.25	 -29.744211008375604 +15.90881314481144	 -10.287411471045148 +31.40507361055913
9.26	 -29.780135374688918 +15.908001352524094	 -10.316385197598002 +31.43392993339204
9.27	 -29.816032838522716 +15.90718896975514	 -10.345351138934394 +31.462759231183714
9.28	 -29.85190362016434 +15.906376010255006	 -10.37430936045859 +31.491561560405376
9.29	 -29.887747578832347 +15.905562487648726	 -10.40325987430533 +31.52033696968569
9.3	 -29.9235647958725 +15.904748415436634	 -10.432202633293945 +31.549085512561994
9.31	 -29.959355532843084 +15.903933806995674	 -10.461137658182821 +31.57780724068315
9.32	 -29.99511966997041 +15.90311867558054	 -10.490064975373997 +31.6065022055108
9.33	 -30.030857216430864 +15.90230303432461	 -10.518984441721386 +31.635170454943697
9.34	 -30.066568378581433 +15.90148689624104	 -10.547896198498124 +31.663812042613184
9.35	 -30.102253174337022 +15.90067027422388	 -10.576800100435047 +31.692427019428187
9.36	 -30.137911639512197 +15.899853181049076	 -10.605696208015189 +31.72101543611446
9.37	 -30.173543855042787 +15.899035629375476	 -10.634584591142465 +31.7495773423755
9.38	 -30.209149962353635 +15.898217631745917	 -10.663465050852997 +31.778112787737534
9.39	 -30.244729794720214 +15.897399200588241	 -10.692337798245893 +31.806621824065644
9.4	 -30.280283603071478 +15.896580348216201	 -10.721202634627835 +31.835104502200824
9.41	 -30.31581133968842 +15.895761086830616	 -10.75005968427883 +31.86356086861995
9.42	 -30.351313227248536 +15.894941428520134	 -10.778908897162781 +31.891990975486593
9.43	 -30.386789223056017 +15.894121385262537	 -10.807750175726209 +31.920394872273228
9.44	 -30.42223923344449 +15.893300968925375	 -10.836583747790723 +31.948772608277228
9.45	 -30.457663522011273 +15.892480191267106	 -10.86540930040434 +31.97712423178915
9.46	 -30.493062048154645 +15.891659063938066	 -10.894226985750088 +32.005449793425484
9.47	 -30.528435033368226 +15.890837598481262	 -10.923036856493285 +32.03374933863814
9.48	 -30.56378233935575 +15.890015806333524	 -10.951838791656913 +32.06202292185116
9.49	 -30.599104054313493 +15.889193698826197	 -10.980632820046475 +32.09027058734523
9.5	 -30.634400269183566 +15.88837128718625	 -11.009418960020971 +32.1184923858741
9.51	 -30.669671173846154 +15.887548582537105	 -11.03819719019164 +32.146688364703756
9.52	 -30.704916582997463 +15.886725595899442	 -11.066967449231903 +32.174858573414724
9.53	 -30.740136653120672 +15.885902338192347	 -11.09572982465748 +32.20300305893806
9.54	 -30.775331492520163 +15.8850788202339	 -11.124484196939823 +32.23112186639417
9.55	 -30.810501075689235 +15.884255052742224	 -11.153230693915225 +32.25921504816001
9.56	 -30.845645555687028 +15.88343104633638	 -11.181969230490145 +32.287282650669454
9.57	 -30.880764879155645 +15.882606811537077	 -11.210699820974883 +32.31532472101873
9.58	 -30.915859293375433 +15.881782358767673	 -11.239422392460703 +32.34334130532122
9.59	 -30.95092855667594 +15.88095769835493	 -11.268136981002776 +32.37133245445097
9.6	 -30.985972890682742 +15.880132840529871	 -11.296843628668672 +32.39929821091567
9.61	 -31.020992381260772 +15.879307795428613	 -11.325542220139019 +32.427238624442516
9.62	 -31.055987043133918 +15.878482573093262	 -11.35423288122849 +32.45515373968387
9.63	 -31.090956951838272 +15.877657183472548	 -11.38291550057461 +32.48304360522177
9.64	 -31.125902094464838 +15.87683163642279	 -11.411590147892268 +32.51090826620993
9.65	 -31.160822660135373 +15.876005941708653	 -11.440256791451318 +32.53874777009235
9.66	 -31.195718463280887 +15.875180109003942	 -11.468915291113493 +32.566562163337245
9.67	 -31.230589870759196 +15.8743541478923	 -11.49756588720432 +32.594351490629926
9.68	 -31.265436700638734 +15.873528067868245	 -11.526208484666645 +32.62211579975194
9.69	 -31.300259073491777 +15.872701878337503	 -11.554842955251774 +32.64985513507879
9.7	 -31.335057056541586 +15.871875588618227	 -11.583469358764573 +32.677569543266756
9.71	 -31.36983062919028 +15.871049207941454	 -11.612087763675975 +32.705259067578616
9.72	 -31.40458005225108 +15.870222745451986	 -11.6406980483128 +32.73292375678948
9.73	 -31.439305104065102 +15.869396210209148	 -11.66930032461421 +32.76056365466496
9.74	 -31.47400596807066 +15.868569611187404	 -11.69789449041496 +32.788178804825264
9.75	 -31.50868275180993 +15.867742957277184	 -11.72648061737423 +32.81576925477289
9.76	 -31.543335430187888 +15.86691625728559	 -11.755058606728428 +32.84333504541347
9.77	 -31.577963966954652 +15.866089519937104	 -11.783628523902957 +32.87087623037746
9.78	 -31.612568687467896 +15.865262753874292	 -11.812190364234429 +32.8983928430402
9.79	 -31.647149453599027 +15.86443596765854	 -11.840744074600234 +32.92588493431776
9.8	 -31.68170631637366 +15.86360916977074	 -11.869289689042319 +32.9533525485431
9.81	 -31.716239272792773 +15.862782368611926	 -11.897827284889313 +32.98079572670201
9.82	 -31.750748467052567 +15.861955572504021	 -11.926356604695275 +33.00821451764025
9.83	 -31.78523398086415 +15.861128789690504	 -11.954877893720255 +33.035608961255676
9.84	 -31.81969579870288 +15.860302028337042	 -11.983390981303547 +33.06297910210372
9.85	 -31.85413397886349 +15.859475296532302	 -12.011896000267555 +33.09032498538913
9.86	 -31.888548580918794 +15.858648602288385	 -12.040392933288546 +33.11764665298376
9.87	 -31.92293963374083 +15.857821953541624	 -12.068881670343027 +33.14494415059836
9.88	 -31.95730730798778 +15.856995358153206	 -12.097362268263657 +33.17221751982157
9.89	 -31.991651346204044 +15.856168823909877	 -12.125834643670517 +33.199466802901185
9.9	 -32.02597212956487 +15.855342358524435	 -12.154298894026505 +33.22669204511753
9.91	 -32.060269595589276 +15.8545159696365	 -12.182754961076709 +33.25389329001836
9.92	 -32.09454368944149 +15.853689664813068	 -12.211202913347446 +33.28107057626533
9.93	 -32.12879465003111 +15.852863451549146	 -12.239642710307601 +33.30822395108667
9.94	 -32.16302236746554 +15.85203733726834	 -12.268074192301262 +33.335353456030376
9.95	 -32.197226952193304 +15.851211329323572	 -12.29649761591064 +33.36245913251117
9.96	 -32.23140839334347 +15.850385434997577	 -12.324912799919392 +33.3895410218111
9.97	 -32.265566790586455 +15.84955966150346	 -12.353319839553606 +33.41659916743958
9.98	 -32.29970227266713 +15.848734015985467	 -12.381718676670781 +33.44363361276463
9.99	 -32.333814762731144 +15.847908505519426	 -12.410109272238916 +33.47064440022898
10.	 -32.36790438548581 +15.84708313711333	 -12.438491686193885 +33.49763156586737