0.01	1.040104219903789E-6 -2.736489877939892E-53	3.787604970073988E-7 +1.3679422745613624E-65
0.02	0.00001782115897493215 +2.2918644032598453E-51	0.000017838887310143527 +5.4717690940530056E-65
0.03	0.00009051995317366634 +5.97468763467495E-51	0.00008922549696684974 +1.231148045009004E-64
0.04	0.00028735127458037025 +6.011960312466717E-51	0.00028199480224719607 +2.1887076359442246E-64
0.05	0.0007057852387879893 +6.059074200525112E-51	0.0006856182851323816 +3.419855682630206E-64
0.06	0.0014751074117029229 +6.115472087322882E-51	0.0014150971190079978 +4.924592182551483E-64
0.07	0.002760520693575817 +6.180521626617718E-51	0.0026082767391157643 +6.70291713906201E-64
0.08	0.0047695202803278965 +6.253537710331048E-51	0.00442779575885305 +8.754830547130853E-64
0.09	0.007761852731078857 +6.333804107519924E-51	0.007061239619928517 +1.1080332410950458E-63
0.1	0.0120650479723333 +6.42059321854748E-51	0.010725289670434771 +1.3679422728843847E-63
0.11	0.018099110606238287 -1.3158198810359066E-16	0.01567206970106588 +1.6552101504164974E-63
0.12	0.026416877962434852 +2.6316397620718127E-16	0.02220036059497298 +1.9698368728528952E-63
0.13	0.03777297843583895 +2.3118224410274433E-63	0.03067368572993424 +2.311822441032067E-63
0.14	0.05324922848768135 -2.631639762071813E-16	0.041552720532030636 +2.6811668549540126E-63
0.15	0.07450356990528245 +3.077870113941785E-63	0.055452831664958985 +3.077870113947941E-63
0.16	0.10433093391128365 +3.501932217839151E-63	0.0732587250544396 +3.5019322178461547E-63
0.17	0.14820128319982828 +1.3158198810359066E-16	0.09638768103191787 +3.953353168661026E-63
0.18	0.22029975921520134 +4.4321329643713187E-63	0.12757769808763783 +4.432132964380183E-63
0.19	0.4695236224383795 +1.0398475052994986E-8	0.1761127100198373 +1.5955979473754934E-9
0.2	0.41490215597557883 +0.30841589376603534	0.2427616199633666 +0.037841622270882266
0.21	0.3515511993872764 +0.4389437453657131	0.28786285697043074 +0.0964356920326284
0.22	0.28340107051492097 +0.535794811951457	0.3171552155727335 +0.1609174736868196
0.23	0.2129913597863942 +0.6125753243343804	0.33466973404235245 +0.22663959600442496
0.24	0.1419595653381454 +0.6750738771976162	0.3432843172064826 +0.2915874340753838
0.25	0.07135196188771496 +0.7266665277825265	0.34508482028235166 +0.3548525701040614
0.26	0.001824426436444459 +0.769635040640621	0.3416045432529877 +0.4160555431986556
0.27	 -0.0662262518979085 +0.8056447559474424	0.33398552611492904 +0.475083134150828
0.28	 -0.132575522483379 +0.8359650429695671	0.32308916900117773 +0.5319574151870147
0.29	 -0.19711308999915206 +0.8615895147624878	0.30957284490669335 +0.5867671641259261
0.3	 -0.25980403380346073 +0.8833097655867702	0.2939439313457549 +0.6396310216031457
0.31	 -0.32066246820000016 +0.9017644386560018	0.27659818882980425 +0.6906775736626319
0.32	 -0.37973362331418425 +0.9174737533024857	0.25784753345636013 +0.740034726347708
0.33	 -0.4370818706770976 +0.9308647546624139	0.23794016502539078 +0.7878242710396123
0.34	 -0.49278235481378374 +0.9422902865545761	0.21707541334458816 +0.8341593693428963
0.35	 -0.5469155625054756 +0.9520435317489686	0.1954148175683463 +0.8791436672690803
0.36	 -0.5995635496813685 +0.9603693221108482	0.17309035805246265 +0.9228713034279525
0.37	 -0.6508075788120132 +0.9674730392877612	0.15021074357816447 +0.965427385204384
0.38	 -0.7007265154069018 +0.9735276858910322	0.12686623110640968 +1.0068886841145337
0.39	 -0.7493959112566285 +0.9786795480881584	0.10313223589796307 +1.0473244117550466
0.4	 -0.7968873270124827 +0.9830527614636084	0.07907224770244502 +1.0867969996265117
0.41	 -0.8432683125307823 +0.9867530149854287	0.054740061502260684 +1.1253628388902441
0.42	 -0.8886021192777799 +0.9898705722426717	0.030181491896165005 +1.1630729610653792
0.43	 -0.9329478803980986 +0.9924827481241646	0.005435818676224561 +1.1999736511019878
0.44	 -0.9763607134811317 +0.9946559484672949	 -0.019463138664589742 +1.2361069963998519
0.45	 -1.0188918711443118 +0.9964473570175798	 -0.044486083772640926 +1.2715113692112159
0.46	 -1.0605890464416652 +0.9979063363099281	 -0.06960755771307302 +1.3062218509483476
0.47	 -1.1014964880769802 +0.9990755954056691	 -0.09480533513525916 +1.3402706056270068
0.48	 -1.1416553208375015 +0.9999921667869752	 -0.12005992126599743 +1.373687204110151
0.49	 -1.1811037180725819 +1.0006882263881796	 -0.1453541961505611 +1.4064989091082696
0.5	 -1.2198771561580803 +1.0011917841891078	 -0.17067303538155915 +1.438730923600866
0.51	 -1.2580085897275408 +1.0015272676046798	 -0.1960030671842991 +1.470406607848711
0.52	 -1.2955286731910072 +1.0017160157723703	 -0.22133243315957224 +1.5015476692862662
0.53	 -1.3324659131826124 +1.0017766995334723	 -0.24665058958378133 +1.5321743295723453
0.54	 -1.3688468677848669 +1.0017256792476437	 -0.2719481493815391 +1.5623054703350396
0.55	 -1.4046962926275377 +1.0015773104367118	 -0.2972167328411989 +1.5919587623244456
0.56	 -1.440037265373067 +1.0013442055169668	 -0.3224488521733268 +1.6211507783820682
0.57	 -1.4748913446118768 +1.001037458466633	 -0.34763781346329947 +1.6498970935255202
0.58	 -1.509278678097694 +1.0006668381222665	 -0.3727776259892208 +1.6782123734285037
0.59	 -1.5432181141253698 +1.0002409548533433	 -0.3978629108012758 +1.7061104543798031
0.6	 -1.5767272962453733 +0.9997674045881441	 -0.42288886574161727 +1.7336044109709956
0.61	 -1.6098227892447179 +0.9992528935239976	 -0.4478511669146256 +1.7607066203351438
0.62	 -1.642520112916253 +0.9987033463257264	 -0.47274595062930785 +1.7874288166741155
0.63	 -1.6748338630505843 +0.9981240001769903	 -0.4975697483560437 +1.813782142019979
0.64	 -1.706777756204227 +0.9975194866840243	 -0.5223194593982433 +1.8397771904885736
0.65	 -1.7383647116069596 +0.9968939033265394	 -0.5469923108794227 +1.8654240485544495
0.66	 -1.7696069076516936 +0.9962508758956764	 -0.5715858140299179 +1.8907323321806098
0.67	 -1.8005158157825827 +0.9955936131451987	 -0.5960977695672377 +1.9157112188186987
0.68	 -1.8311022943607616 +0.9949249547023652	 -0.6205262007725283 +1.9403694772828255
0.69	 -1.8613765861927765 +0.9942474131335374	 -0.6448693675728296 +1.9647154960365125
0.7	 -1.891348399070008 +0.9935632109315655	 -0.6691257257038131 +1.988757306321265
0.71	 -1.9210269025436861 +0.9928743130838004	 -0.6932939119630652 +2.0125026057437334
0.72	 -1.9504208217012187 +0.9921824557874857	 -0.717372735611516 +2.035958777861049
0.73	 -1.979538418010907 +0.9914891718013076	 -0.741361157759674 +2.059132912430425
0.74	 -2.0083875355550562 +0.9907958128551281	 -0.7652582725166327 +2.0820318214132683
0.75	 -2.036975643162311 +0.9901035694830989	 -0.7890633175774292 +2.1046620557656164
0.76	 -2.0653098320943926 +0.9894134885967103	 -0.8127756388083939 +2.127029918987554
0.77	 -2.0933968762227186 +0.9887264890725442	 -0.8363946799813082 +2.1491414825497412
0.78	 -2.1212432215829096 +0.9880433755937598	 -0.8599199963059765 +2.1710025965542794
0.79	 -2.1488550022338058 +0.9873648509534136	 -0.8833512340835814 +2.192618902635042
0.8	 -2.1762381092988594 +0.9866915270012298	 -0.9066881111322953 +2.2139958438179006
0.81	 -2.2033981458573533 +0.986023934392458	 -0.9299304273077615 +2.235138675085807
0.82	 -2.2303404745971274 +0.9853625312775963	 -0.9530780601264681 +2.256052472782322
0.83	 -2.257070232747123 +0.9847077110546171	 -0.9761309384085027 +2.276742143098302
0.84	 -2.2835923438161463 +0.9840598092903878	 -0.9990890511153165 +2.297212429989918
0.85	 -2.309911515683878 +0.9834191099050342	 -1.0219524570754026 +2.317467923309518
0.86	 -2.3360322722274764 +0.9827858507017082	 -1.0447212372455252 +2.3375130654529475
0.87	 -2.361958958679551 +0.9821602283144029	 -1.0673955397485457 +2.3573521582349426
0.88	 -2.3876957391091964 +0.9815424026378922	 -1.0899755492494103 +2.3769893692381157
0.89	 -2.413246624509175 +0.9809325007963278	 -1.1124614899526801 +2.3964287376826623
0.9	 -2.438615474565786 +0.9803306207005438	 -1.134853609468965 +2.4156741794573624
0.91	 -2.4638059850784684 +0.9797368342382706	 -1.1571522017167915 +2.4347294931683248
0.92	 -2.4888217431655772 +0.9791511901365024	 -1.179357581159628 +2.453598364654205
0.93	 -2.5136661886271225 +0.9785737165307975	 -1.2014700956561606 +2.472284371448396
0.94	 -2.538342644524352 +0.9780044232723517	 -1.2234901149977393 +2.4907909875774794
0.95	 -2.562854304935334 +0.9774433040003311	 -1.245418025087561 +2.5091215875326167
0.96	 -2.5872042649199645 +0.9768903380038355	 -1.2672542401192062 +2.527279449665174
0.97	 -2.611395518914032 +0.9763454918952648	 -1.2889991926039805 +2.5452677613908414
0.98	 -2.63543094664052 +0.9758087211144458	 -1.3106533267616802 +2.5630896208494427
0.99	 -2.65931334361836 +0.9752799712808259	 -1.332217102901831 +2.580748041718333
1.	 -2.6830454069907184 +0.9747591794091376	 -1.3536910058431049 +2.5982459557317172
1.01	 -2.7066297504926395 +0.9742462750023685	 -1.3750755116768103 +2.6155862157781966
1.02	 -2.7300689102879527 +0.9737411810343426	 -1.396371127354895 +2.6327715990771225
1.03	 -2.7533653301945225 +0.9732438148329842	 -1.417578360472654 +2.6498048094157594
1.04	 -2.7765213935603166 +0.9727540888741248	 -1.4386977330292423 +2.6666884802752424
1.05	 -2.7995394035626253 +0.9722719114947739	 -1.4597297678779846 +2.6834251770727895
1.06	 -2.822421595465819 +0.9717971875337588	 -1.4806749944976012 +2.700017399495267
1.07	 -2.84517014135064 +0.9713298189069098	 -1.5015339616368506 +2.7164675839848407
1.08	 -2.867787152299767 +0.9708697051232145	 -1.5223072041144683 +2.732778105668136
1.09	 -2.8902746708510296 +0.9704167437476948	 -1.542995277303003 +2.7489512805558016
1.1	 -2.9126346921875417 +0.9699708308161911	 -1.5635987294800167 +2.7649893676682167
1.11	 -2.9348691486258063 +0.9695318612067826	 -1.584118123718638 +2.7808945704777392
1.12	 -2.9569799200505855 +0.9690997289719708	 -1.6045540137155037 +2.7966690394083296
1.13	 -2.978968839370925 +0.9686743276354832	 -1.6249069603392434 +2.8123148729132685
1.14	 -3.0008376894101945 +0.9682555504571039	 -1.6451775268039772 +2.8278341194844376
1.15	 -3.022588204534114 +0.9678432906685971	 -1.6653662786736236 +2.843228779319166
1.16	 -3.0442220776713245 +0.9674374416835357	 -1.6854737803510975 +2.8585008056036973
1.17	 -3.0657409484369897 +0.9670378972835338	 -1.7055005878394187 +2.873652106110142
1.18	 -3.0871464302632856 +0.966644551783167	 -1.725447277807064 +2.888684544601811
1.19	 -3.108440081465521 +0.9662573001756244	 -1.7453144060703345 +2.903599942268844
1.2	 -3.1296234308746858 +0.9658760382609597	 -1.7651025361237729 +2.9184000788637863
1.21	 -3.1506979658990217 +0.9655006627586309	 -1.7848122312920953 +2.933086694116636
1.22	 -3.1716651452658438 +0.9651310714058161	 -1.8044440517414377 +2.9476614887966615
1.23	 -3.1925263802580077 +0.9647671630429322	 -1.8239985587134728 +2.962126126081174
1.24	 -3.2132830608814897 +0.9644088376875526	 -1.8434763026165544 +2.9764822323189506
1.25	 -3.2339365357125374 +0.9640559965979034	 -1.862877843808968 +2.990731398481646
1.26	 -3.2544881327152697 +0.9637085423269082	 -1.8822037310968502 +3.0048751811285883
1.27	 -3.274939136212244 +0.9633663787677703	 -1.901454520658812 +3.018915102996609
1.28	 -3.2952908132648377 +0.9630294111918742	 -1.9206307509223044 +3.032852654408477
1.29	 -3.31554440060335 +0.9626975462798157	 -1.9397329701699622 +3.0466892941798793
1.3	 -3.3357010999523413 +0.962370692146228	 -1.9587617212601809 +3.060426450272168
1.31	 -3.355762097763179 +0.9620487583590248	 -1.977717542912377 +3.0740655208044947
1.32	 -3.375728547305195 +0.9617316559536678	 -1.9966009696106195 +3.087607874756222
1.33	 -3.395601578704481 +0.9614192974429221	 -2.0154125308442645 +3.101054853020439
1.34	 -3.4153823045746767 +0.9611115968226146	 -2.0341527551575522 +3.1144077688303278
1.35	 -3.4350718057495824 +0.960808469573786	 -2.0528221706603635 +3.1276679089666173
1.36	 -3.4546711446656304 +0.960509832661648	 -2.071421296751902 +3.1408365338149458
1.37	 -3.4741813590282717 +0.9602156045316823	 -2.0899506519028286 +3.153914878625668
1.38	 -3.493603476585614 +0.9599257051031945	 -2.108410751061089 +3.166904154051617
1.39	 -3.5129384863909174 +0.95964005576062	 -2.126802102661725 +3.179805547027696
1.4	 -3.5321873771331984 +0.9593585793428453	 -2.145125210536486 +3.1926202204963814
1.41	 -3.5513511019352855 +0.9590812001307787	 -2.1633805840685043 +3.2053493151749657
1.42	 -3.570430606649135 +0.9588078438333584	 -2.181568714451356 +3.2179939493428766
1.43	 -3.589426815155168 +0.9585384375722542	 -2.199690103970654 +3.2305552198405394
1.44	 -3.6083406298443785 +0.9582729098653648	 -2.217745235870334 +3.2430342023373444
1.45	 -3.6271729409548272 +0.958011190609334	 -2.235734603037571 +3.255431952134259
1.46	 -3.645924621342255 +0.9577532110611808	 -2.2536586865750228 +3.267749504497862
1.47	 -3.6645965234659093 +0.9574989038192115	 -2.2715179630101527 +3.2799878750335116
1.48	 -3.6831894977721933 +0.9572482028033052	 -2.289312907187581 +3.2921480605773255
1.49	 -3.7017043600321067 +0.9570010432347029	 -2.307043993897322 +3.3042310394338035
1.5	 -3.720141922909085 +0.9567573616153524	 -2.3247116860149966 +3.316237771465266
1.51	 -3.7385029823215215 +0.9565170957069711	 -2.342316445023951 +3.328169199408697
1.52	 -3.756788321530467 +0.9562801845098172	 -2.359858735960463 +3.340026248408798
1.53	 -3.7749987097972886 +0.9560465682413075	 -2.377339006781703 +3.3518098269238314
1.54	 -3.7931348975401775 +0.9558161883145073	 -2.394757711487337 +3.363520827136443
1.55	 -3.8111976256452387 +0.9555889873165683	 -2.412115291587952 +3.3751601250299115
1.56	 -3.8291876315019837 +0.9553649089871438	 -2.4294121969996554 +3.3867285810582746
1.57	 -3.847105625304588 +0.9551438981968647	 -2.4466488640955832 +3.398227040521395
1.58	 -3.864952312294464 +0.9549259009258633	 -2.463825726092081 +3.409656333658046
1.59	 -3.8827283841072338 +0.9547108642424292	 -2.480943210340986 +3.4210172761862725
1.6	 -3.900434529069541 +0.9544987362817909	 -2.4980017485224537 +3.4323106696924706
1.61	 -3.918071407009025 +0.9542894662251012	 -2.51500176080301 +3.443537301875751
1.62	 -3.935639684656001 +0.9540830042785805	 -2.531943666872155 +3.454697946609983
1.63	 -3.953140009590301 +0.9538793016529039	 -2.5488278829635735 +3.4657933647921517
1.64	 -3.9705730177430043 +0.9536783105428169	 -2.565654818250562 +3.4768243044238356
1.65	 -3.987939338225068 +0.9534799841070136	 -2.582424880607806 +3.487791500519424
1.66	 -4.00523958973286 +0.9532842764482681	 -2.599138473695524 +3.498695675791777
1.67	 -4.022474384107812 +0.9530911425938571	 -2.615795997091833 +3.509537541016779
1.68	 -4.039644313754162 +0.9529005384762679	 -2.6323978469935856 +3.5203177950903246
1.69	 -4.056749973592172 +0.952712420914217	 -2.6489444145565937 +3.5310371250852874
1.7	 -4.0737919402090705 +0.9525267475939575	 -2.665436088461105 +3.541696207019998
1.71	 -4.090770790693428 +0.9523434770509035	 -2.681873256243306 +3.5522957057275315
1.72	 -4.107687083760853 +0.9521625686515816	 -2.698256294289104 +3.5628362750624123
1.73	 -4.124541376792105 +0.9519839825758875	 -2.714585586327534 +3.5733185585541674
1.74	 -4.14133421482198 +0.9518076797996764	 -2.7308614994786597 +3.5837431890177474
1.75	 -4.158066136893563 +0.9516336220776596	 -2.7470844110256025 +3.5941107893578694
1.76	 -4.174737675049608 +0.9514617719266463	 -2.7632546837499077 +3.6044219724581765
1.77	 -4.191349351332946 +0.9512920926090958	 -2.7793726823145377 +3.6146773414373956
1.78	 -4.20790167958819 +0.9511245481169907	 -2.7954387671156438 +3.6248774898583296
1.79	 -4.224395169090236 +0.9509591031560323	 -2.8114532943623813 +3.635023002010684
1.8	 -4.2408303202409 +0.9507957231301696	 -2.8274166172612394 +3.6451144529487665
1.81	 -4.257207628255658 +0.950634374126419	 -2.8433290860028055 +3.655152408922139
1.82	 -4.273527576491136 +0.9504750229000225	 -2.8591910461288004 +3.665137427246314
1.83	 -4.289790646707874 +0.9503176368598996	 -2.8750028417520523 +3.675070056722966
1.84	 -4.30599731145728 +0.9501621840544173	 -2.890764814344091 +3.684950837777055
1.85	 -4.322148035648651 +0.950008633157457	 -2.9064772985278813 +3.694780302552256
1.86	 -4.338243280714275 +0.9498569534547843	 -2.9221406274478783 +3.7045589750044647
1.87	 -4.354283500517397 +0.9497071148307139	 -2.937755134717052 +3.714287371373497
1.88	 -4.370269145922091 +0.9495590877550557	 -2.9533211431269626 +3.7239660001113988
1.89	 -4.386200653139147 +0.9494128432703788	 -2.9688389820357486 +3.7335953617389728
1.9	 -4.402078460543407 +0.9492683529795063	 -2.9843089687815554 +3.743175949867336
1.91	 -4.417902997965878 +0.949125589033335	 -2.9997314222923923 +3.7527082502162585
1.92	 -4.433674686322917 +0.948984524118901	 -3.0151066570592135 +3.7621927418480006
1.93	 -4.449393949727211 +0.9488451314477201	 -3.03043498751541 +3.7716298964857438
1.94	 -4.465061196249724 +0.9487073847443901	 -3.045716719901201 +3.781020178989596
1.95	 -4.480676840447883 +0.9485712582354454	 -3.060952163327574 +3.7903640476365137
1.96	 -4.496241276268438 +0.9484367266384838	 -3.0761416176089016 +3.7996619539212397
1.97	 -4.511754905574602 +0.9483037651515043	 -3.0912853879754993 +3.8089143427969177
1.98	 -4.527218121345806 +0.948172349442531	 -3.106383768374403 +3.818121653016823
1.99	 -4.542631307615509 +0.9480424556394326	 -3.121437054924238 +3.827284316895323
2.	 -4.55799484880895 +0.9479140603200134	 -3.1364455385774144 +3.8364027607161506
2.01	 -4.5733091222743045 +0.9477871405022951	 -3.151409510831393 +3.8454774046697313
2.02	 -4.588574502047266 +0.9476616736350565	 -3.166329257402601 +3.854508663144708
2.03	 -4.603791353072553 +0.9475376375885649	 -3.181205061570811 +3.863496944521698
2.04	 -4.618960043333892 +0.9474150106455299	 -3.196037204779039 +3.8724426516700827
2.05	 -4.634080924584072 +0.9472937714922743	 -3.210825968740557 +3.881346181876551
2.06	 -4.6491543595702804 +0.9471738992100884	 -3.2255716239713657 +3.8902079267763736
2.07	 -4.664180697214481 +0.9470553732668147	 -3.240274448451801 +3.8990282727332715
2.08	 -4.679160277788221 +0.9469381735085983	 -3.2549347149361525 +3.9078076008674696
2.09	 -4.694093449396527 +0.9468222801518318	 -3.2695526838280644 +3.9165462869476095
2.1	 -4.708980548180055 +0.9467076737753121	 -3.2841286285674594 +3.9252447017259398
2.11	 -4.7238219070126855 +0.9465943353125511	 -3.2986628127779913 +3.933903210927904
2.12	 -4.738617853557201 +0.9464822460442729	 -3.3131554949585174 +3.942522175510512
2.13	 -4.753368722362709 +0.9463713875910831	 -3.3276069337750678 +3.951101951313978
2.14	 -4.768074827426741 +0.9462617419063273	 -3.3420173869007455 +3.9596428896193467
2.15	 -4.782736490326574 +0.9461532912690732	 -3.3563871092448636 +3.968145336964586
2.16	 -4.797354026682041 +0.9460460182772978	 -3.3707163482414693 +3.9766096353935283
2.17	 -4.8119277437672885 +0.9459399058412095	 -3.3850053595177862 +3.9850361224039363
2.18	 -4.826457952341492 +0.9458349371767202	 -3.399254386800894 +3.9934251309300586
2.19	 -4.840944955416122 +0.9457310957990953	 -3.413463674951773 +4.001776989812231
2.2	 -4.855389054874575 +0.9456283655167029	 -3.427633468349596 +4.010092023512021
2.21	 -4.869790546150823 +0.9455267304249675	 -3.441764005723711 +4.018370552124602
2.22	 -4.8841497244442 +0.9454261749004083	 -3.4558555265237074 +4.026612891870747
2.23	 -4.898466879268178 +0.9453266835948455	 -3.469908266853699 +4.034819354748443
2.24	 -4.912742297605653 +0.9452282414297325	 -3.483922460823346 +4.0429902488279295
2.25	 -4.926976264757591 +0.94513083359061	 -3.4978983421940755 +4.051125878286886
2.26	 -4.941169060867067 +0.9450344455217	 -3.5118361377707377 +4.059226543350832
2.27	 -4.955320962315224 +0.9449390629206166	 -3.525736077177764 +4.0672925406106115
2.28	 -4.969432247284337 +0.9448446717331995	 -3.5395983853995774 +4.075324162740489
2.29	 -4.983503184559282 +0.9447512581484568	 -3.5534232877727265 +4.083321698843736
2.3	 -4.997534043607558 +0.9446588085936446	 -3.5672110064869984 +4.091285434450138
2.31	 -5.011525092684499 +0.944567309729428	 -3.5809617583608526 +4.099215651452421
2.32	 -5.025476592643518 +0.9444767484451841	 -3.594675765947506 +4.107112628381101
2.33	 -5.039388804153416 +0.9443871118543831	 -3.6083532413142216 +4.114976640246201
2.34	 -5.053261984461446 +0.9442983872900986	 -3.6219944011654643 +4.122807958656218
2.35	 -5.067096388227664 +0.9442105623005972	 -3.6355994558719735 +4.130606851904136
2.36	 -5.08089226732302 +0.9441236246450441	 -3.6491686185302745 +4.138373585201839
2.37	 -5.094649872893053 +0.9440375622892969	 -3.6627020956825334 +4.146108420250303
2.38	 -5.108369450647197 +0.9439523634017957	 -3.676200093651889 +4.15381161580457
2.39	 -5.122051243344222 +0.943868016349555	 -3.6896628192122978 +4.161483427453014
2.4	 -5.135695493921062 +0.9437845096942163	 -3.70309047370993 +4.169124107668417
2.41	 -5.1493024417877065 +0.9437018321882367	 -3.716483261283054 +4.17673390588748
2.42	 -5.1628723270203984 +0.9436199727711051	 -3.729841378836743 +4.184313068705802
2.43	 -5.176405374956927 +0.9435389205657032	 -3.7431650256481577 +4.19186183980557
2.44	 -5.189901827685688 +0.9434586648746874	 -3.75645439901419 +4.199380459827145
2.45	 -5.203361906110442 +0.9433791951770008	 -3.7697096911789387 +4.206869166707207
2.46	 -5.216785843378966 +0.9433005011244356	 -3.7829310980276682 +4.214328195432234
2.47	 -5.2301738627007825 +0.9432225725382751	 -3.7961188087469635 +4.22175777854474
2.48	 -5.243526185009133 +0.943145399406016	 -3.809273013152205 +4.229158145722339
2.49	 -5.256843035165463 +0.9430689718781518	 -3.82239390009383 +4.236529523879858
2.5	 -5.270124626778958 +0.9429932802650465	 -3.835481656015803 +4.243872137439396
2.51	 -5.283371178147294 +0.9429183150338576	 -3.848536465215842 +4.2511862081985505
2.52	 -5.296582902021996 +0.9428440668055276	 -3.861558512801009 +4.258471955455239
2.53	 -5.309760011278642 +0.942770526351858	 -3.8745479782396486 +4.265729596045676
2.54	 -5.3229027159590165 +0.9426976845926217	 -3.887505044030309 +4.272959344186168
2.55	 -5.33601122400521 +0.9426255325927688	 -3.900429885618309 +4.280161411819404
2.56	 -5.349085739249739 +0.9425540615596648	 -3.9133226836254855 +4.2873360084541785
2.57	 -5.362126467245236 +0.942483262840397	 -3.926183613086665 +4.294483341146968
2.58	 -5.375133609698076 +0.9424131279191501	 -3.9390128494273036 +4.301603614841432
2.59	 -5.388107364857298 +0.9423436484146315	 -3.9518105619557407 +4.308697031988378
2.6	 -5.40104793258728 +0.9422748160775382	 -3.9645769272770486 +4.315763792856416
2.61	 -5.41395550719213 +0.9422066227881021	 -3.9773121104242932 +4.322804095563987
2.62	 -5.426830283566779 +0.9421390605536685	 -3.9900162837677136 +4.329818136029617
2.63	 -5.439672455431855 +0.9420721215063367	 -4.0026896126298 +4.336806107923433
2.64	 -5.452482211765142 +0.9420057979006486	 -4.01533226338403 +4.343768202861665
2.65	 -5.465259741750682 +0.9419400821113176	 -4.0279444007486624 +4.350704610275789
2.66	 -5.478005231927348 +0.9418749666310272	 -4.0405261885534305 +4.35761551776454
2.67	 -5.490718869213012 +0.9418104440682455	 -4.0530777870639465 +4.364501110694643
2.68	 -5.503400834939418 +0.941746507145117	 -4.065599359174825 +4.3713615724455455
2.69	 -5.516051312208958 +0.9416831486953712	 -4.07809106254987 +4.378197084464268
2.7	 -5.528670479556232 +0.9416203616623023	 -4.090553054881452 +4.385007826292952
2.71	 -5.541258517607668 +0.9415581390967621	 -4.102985494167745 +4.3917939753866335
2.72	 -5.553815602576336 +0.9414964741552174	 -4.115388537003328 +4.398555707612754
2.73	 -5.566341908426104 +0.941435360097843	 -4.1277623340515825 +4.405293196675225
2.74	 -5.5788376131079875 +0.9413747902866323	 -4.14010704116433 +4.412006614586044
2.75	 -5.591302883113403 +0.9413147581836008	 -4.152422809354363 +4.418696131482312
2.76	 -5.6037378911291755 +0.9412552573489597	 -4.164709789368563 +4.425361915781226
2.77	 -5.616142806672744 +0.9411962814393678	 -4.176968128894575 +4.432004134075913
2.78	 -5.628517798043602 +0.9411378242062203	 -4.18919798053631 +4.438622951263093
2.79	 -5.640863031274557 +0.9410798794939499	 -4.2013994858647905 +4.445218530490279
2.8	 -5.653178667467768 +0.9410224412383923	 -4.213572795174054 +4.451791033306683
2.81	 -5.665464874398003 +0.9409655034651484	 -4.225718049837871 +4.458340619407469
2.82	 -5.67772181072536 +0.9409090602880193	 -4.237835396785664 +4.464867446986707
2.83	 -5.689949638488174 +0.9408531059074385	 -4.249924976224795 +4.471371672632165
2.84	 -5.702148513695115 +0.9407976346089646	 -4.261986928663745 +4.4778534512473565
2.85	 -5.71431859659756 +0.9407426407617803	 -4.274021399250493 +4.484312936149413
2.86	 -5.7264600431711195 +0.9406881188172382	 -4.286028520461715 +4.490750279164965
2.87	 -5.738573008206227 +0.9406340633074297	 -4.298008435601752 +4.497165630650032
2.88	 -5.750657643459352 +0.9405804688437859	 -4.309961278453686 +4.503559139189705
2.89	 -5.76271409989541 +0.9405273301156987	 -4.321887188027153 +4.509930952162388
2.9	 -5.774742532171207 +0.9404746418891671	 -4.3337862961204054 +4.5162812153149705
2.91	 -5.786743086877755 +0.9404223990055023	 -4.345658738834011 +4.522610073004388
2.92	 -5.798715915816845 +0.9403705963800058	 -4.357504648262967 +4.528917667997409
2.93	 -5.810661160323906 +0.9403192290007244	 -4.369324157492006 +4.535204141830923
2.94	 -5.822578971239892 +0.9402682919271894	 -4.3811173955344165 +4.541469634586415
2.95	 -5.834469489536037 +0.9402177802892151	 -4.39288449373586 +4.547714284909377
2.96	 -5.846332860181482 +0.940167689285689	 -4.40462557916891 +4.553938230195905
2.97	 -5.8581692245853905 +0.940118014183414	 -4.416340781832127 +4.560141606322346
2.98	 -5.8699787248179645 +0.9400687503159527	 -4.428030227009329 +4.566324547974881
2.99	 -5.8817614992741 +0.9400198930825008	 -4.439694043683806 +4.572487188522282
3.	 -5.893517688726788 +0.9399714379467933	 -4.4513323517872285 +4.578629659962157
3.01	 -5.905247427606845 +0.9399233804360121	 -4.4629452803989915 +4.58475209303311
3.02	 -5.916950852233765 +0.9398757161397342	 -4.474532950250379 +4.5908546173247355
3.03	 -5.928628101174777 +0.9398284407088753	 -4.486095485618588 +4.596937361058105
3.04	 -5.9402793054518925 +0.9397815498546898	 -4.497633004194037 +4.603000451266882
3.05	 -5.951904600136586 +0.939735039347756	 -4.50914562988936 +4.609044013672937
3.06	 -5.963504114452969 +0.9396889050169991	 -4.5206334807382405 +4.615068173027519
3.07	 -5.9750779816376065 +0.9396431427487242	 -4.532096677455282 +4.621073052730442
3.08	 -5.986626329588651 +0.9395977484856811	 -4.543535333725744 +4.6270587749857395
3.09	 -5.998149289146464 +0.9395527182261253	 -4.5549495694517015 +4.633025460954437
3.1	 -6.009646985617083 +0.9395080480229214	 -4.566339501733138 +4.638973230630091
3.11	 -6.021119547638444 +0.9394637339826387	 -4.577705243768858 +4.6449022028079705
3.12	 -6.0325671004259505 +0.9394197722646884	 -4.5890469113625105 +4.650812495281914
3.13	 -6.043989768933754 +0.9393761590804582	 -4.600364615700815 +4.656704224630063
3.14	 -6.0553876752014935 +0.939332890692473	 -4.611658472875321 +4.662577506501089
3.15	 -6.066760942025459 +0.9392899634135655	 -4.622928592397177 +4.66843245524284
3.16	 -6.07810969278547 +0.9392473736060682	 -4.634175086869016 +4.674269184412346
3.17	 -6.089434048358147 +0.9392051176810126	 -4.645398066724322 +4.680087806360048
3.18	 -6.1007341273289715 +0.9391631920973593	 -4.656597640011768 +4.685888432356515
3.19	 -6.11201004867875 +0.9391215933612196	 -4.667773916691505 +4.691671172827855
3.2	 -6.123261931000811 +0.9390803180251082	 -4.678927003553381 +4.697436137099772
3.21	 -6.1344898897977425 +0.9390393626872051	 -4.690057010043481 +4.703183433455371
3.22	 -6.145694043728682 +0.93899872399063	 -4.701164040188665 +4.708913169235948
3.23	 -6.156874506819799 +0.9389583986227334	 -4.712248201908883 +4.714625450896075
3.24	 -6.168031392409295 +0.9389183833143943	 -4.72330959849169 +4.720320383773485
3.25	 -6.17916481521715 +0.9388786748393355	 -4.734348335241433 +4.725998072408165
3.26	 -6.190274886794087 +0.9388392700134528	 -4.745364513468728 +4.731658620268902
3.27	 -6.2013617206173315 +0.9388001656941546	 -4.756358240186637 +4.73730213002645
3.28	 -6.212425426160062 +0.9387613587797061	 -4.767329613507542 +4.74292870332506
3.29	 -6.2234661148702415 +0.9387228462086059	 -4.778278736015013 +4.748538440988786
3.3	 -6.2344838936334845 +0.9386846249589477	 -4.7892057087677955 +4.754131442902113
3.31	 -6.245478874520766 +0.9386466920478065	 -4.800110631639867 +4.759707808085389
3.32	 -6.256451159864396 +0.9386090445306494	 -4.810993602673018 +4.765267634662262
3.33	 -6.267400861225879 +0.9385716795007265	 -4.821854721780116 +4.77081101995532
3.34	 -6.278328083 +0.9385345940884997	 -4.832694086768893 +4.776338060389251
3.35	 -6.28923292978829 +0.9384977854610641	 -4.843511794025049 +4.781848851501451
3.36	 -6.300115506497379 +0.9384612508215954	 -4.854307939499336 +4.78734348810002
3.37	 -6.310975917450944 +0.9384249874087931	 -4.865082621442414 +4.792822064082744
3.38	 -6.321814264326847 +0.9383889924963374	 -4.87583593353608 +4.798284672615515
3.39	 -6.332630649816277 +0.9383532633923647	 -4.886567969845956 +4.803731405952483
3.4	 -6.343425174054563 +0.9383177974389372	 -4.89727882379155 +4.809162355696829
3.41	 -6.354197940700791 +0.9382825920115332	 -4.9079685909768 +4.814577612475454
3.42	 -6.364949046953231 +0.9382476445185469	 -4.918637362341638 +4.819977266302794
3.43	 -6.37567859308798 +0.9382129524007852	 -4.929285230069964 +4.825361406442712
3.44	 -6.386386677197848 +0.9381785131309863	 -4.939912285571161 +4.830730121211123
3.45	 -6.39707339736947 +0.9381443242133396	 -4.950518620268046 +4.836083498315748
3.46	 -6.407738849435511 +0.9381103831830212	 -4.961104322420838 +4.8414216247192545
3.47	 -6.418383132558725 +0.9380766876057175	 -4.971669483843279 +4.84674458660686
3.48	 -6.429006339807472 +0.9380432350771906	 -4.982214192746068 +4.852052469476578
3.49	 -6.43960856724262 +0.9380100232228217	 -4.992738536037814 +4.857345358085928
3.5	 -6.4501899077188645 +0.9379770496971711	 -5.003242604540516 +4.862623336480511
3.51	 -6.4607504561374185 +0.9379443121835523	 -5.013726481834038 +4.8678864880019495
3.52	 -6.47129030684639 +0.9379118083936087	 -5.024190257211637 +4.87313489531583
3.53	 -6.481809550225248 +0.9378795360668956	 -5.034634014742846 +4.878368640379001
3.54	 -6.492308276986328 +0.9378474929704725	 -5.04505784242634 +4.8835878044675
3.55	 -6.502786581349781 +0.9378156768984988	 -5.0554618221776835 +4.8887924682638335
3.56	 -6.513244549408156 +0.9377840856718451	 -5.065846040852315 +4.893982711684238
3.57	 -6.523682274922081 +0.9377527171376948	 -5.076210580255616 +4.899158613966731
3.58	 -6.534099845167063 +0.9377215691691689	 -5.086555524944709 +4.90432025383684
3.59	 -6.544497348003494 +0.9376906396649557	 -5.09688095648685 +4.9094677093155035
3.6	 -6.5548748720816015 +0.9376599265489235	 -5.1071869583369995 +4.914601057707261
3.61	 -6.565232504050252 +0.9376294277697825	 -5.117473611866344 +4.9197203757848005
3.62	 -6.5755703330099635 +0.9375991413007053	 -5.127740997112125 +4.924825739657475
3.63	 -6.585888441742091 +0.937569065138993	 -5.137989195426871 +4.929917224876129
3.64	 -6.596186917579218 +0.937539197305716	 -5.148218285839378 +4.93499490620549
3.65	 -6.606465844485607 +0.9375095358453945	 -5.15842835049652 +4.940058858079325
3.66	 -6.6167253069593945 +0.937480078825637	 -5.168619465273686 +4.945109154177539
3.67	 -6.626965389945935 +0.9374508243368365	 -5.1787917099677045 +4.9501458675311625
3.68	 -6.637186175125672 +0.9374217704918377	 -5.188945164065672 +4.955169070721854
3.69	 -6.647387746391009 +0.9373929154256204	 -5.199079901258725 +4.9601788356751735
3.7	 -6.657570182923965 +0.937364257294991	 -5.209196003430487 +4.965175233782592
3.71	 -6.66773356923145 +0.937335794278266	 -5.219293543195761 +4.9701583358688595
3.72	 -6.67787798628202 +0.9373075245749822	 -5.229372598145913 +4.975128212121819
3.73	 -6.688003513122336 +0.9372794464055915	 -5.239433243205698 +4.98008493230816
3.74	 -6.698110228996475 +0.9372515580111721	 -5.249475555229166 +4.985028565569177
3.75	 -6.708198214753539 +0.937223857653141	 -5.259499607307316 +4.98995918048417
3.76	 -6.7182675476589315 +0.9371963436129677	 -5.269505472318503 +4.994876845132875
3.77	 -6.7283183080148135 +0.9371690141919023	 -5.279493226722647 +4.999781627100519
3.78	 -6.738350571270858 +0.9371418677106969	 -5.28946294212025 +5.004673593333026
3.79	 -6.74836441732851 +0.9371149025093357	 -5.299414689797917 +5.00955281038679
3.8	 -6.758359919793947 +0.9370881169467752	 -5.309348545686403 +5.014419344264644
3.81	 -6.768337157198884 +0.9370615094006781	 -5.31926457927782 +5.019273260384502
3.82	 -6.778296204078361 +0.9370350782671633	 -5.329162862011245 +5.024114623715307
3.83	 -6.788237137253484 +0.937008821960541	 -5.33904346556296 +5.028943498818451
3.84	 -6.798160029546405 +0.9369827389130844	 -5.348906459776381 +5.0337599495566785
3.85	 -6.808064955553603 +0.9369568275747605	 -5.358751915368669 +5.038564039487946
3.86	 -6.817951989644931 +0.9369310864130126	 -5.368579901441311 +5.0433558316479274
3.87	 -6.827821204194328 +0.9369055139125092	 -5.378390487346749 +5.048135388500498
3.88	 -6.837672674627591 +0.9368801085749136	 -5.388183741624864 +5.052902772108024
3.89	 -6.847506469976395 +0.9368548689186599	 -5.397959733048899 +5.057658044062399
3.9	 -6.857322664041412 +0.9368297934787213	 -5.4077185309291504 +5.062401265507927
3.91	 -6.867121326442311 +0.9368048808063922	 -5.417460198712639 +5.067132497109563
3.92	 -6.87690253070501 +0.9367801294690654	 -5.427184807294236 +5.071851799057757
3.93	 -6.886666345134463 +0.9367555380500195	 -5.436892422778408 +5.076559231073245
3.94	 -6.896412840676954 +0.9367311051482032	 -5.446583110599128 +5.081254852501627
3.95	 -6.906142086808084 +0.9367068293780371	 -5.456256936637773 +5.08593872222727
3.96	 -6.915854152726721 +0.936682709369194	 -5.46591396766262 +5.090610898624317
3.97	 -6.9255491074812845 +0.936658743766406	 -5.475554267018352 +5.095271439758075
3.98	 -6.935227018656685 +0.9366349312292652	 -5.485177901622208 +5.099920403103115
3.99	 -6.944887955117052 +0.936611270432022	 -5.494784932336451 +5.104557845922145
4.	 -6.954531983191657 +0.9365877600633961	 -5.504375426625813 +5.109183824825024
4.01	 -6.964159170984992 +0.9365643988263889	 -5.513949447280809 +5.1137983961641975
4.02	 -6.973769583468564 +0.9365411854380907	 -5.5235070558554105 +5.118401615860666
4.03	 -6.983363288617419 +0.9365181186295001	 -5.533048317318197 +5.12299353937311
4.04	 -6.99294035188158 +0.9364951971453388	 -5.542573292333562 +5.127574221772616
4.05	 -7.002500838134052 +0.9364724197438785	 -5.55208204341355 +5.132143717746408
4.06	 -7.012044810980442 +0.9364497851967665	 -5.5615746330278135 +5.136702081566604
4.07	 -7.0215723376497134 +0.9364272922888348	 -5.571051122124188 +5.141249367163897
4.08	 -7.031083480153545 +0.9364049398179579	 -5.580511572366603 +5.145785627991842
4.09	 -7.040578303206493 +0.9363827265948583	 -5.589956042282515 +5.150310917187496
4.1	 -7.050056870315221 +0.9363606514429546	 -5.599384594033209 +5.154825287487905
4.11	 -7.059519244702576 +0.9363387131981975	 -5.6087972877531875 +5.159328791251218
4.12	 -7.068965487886541 +0.9363169107089087	 -5.61819418143588 +5.1638214804431035
4.13	 -7.078395662658275 +0.936295242835616	 -5.627575335140258 +5.168303406709111
4.14	 -7.087809830164778 +0.9362737084509072	 -5.636940808348346 +5.172774621257866
4.15	 -7.097208053195301 +0.9362523064392686	 -5.646290658350331 +5.1772351749506935
4.16	 -7.106590392900032 +0.9362310356969383	 -5.655624944659648 +5.181685118372901
4.17	 -7.115956909011593 +0.9362098951317573	 -5.664943724163953 +5.186124501666423
4.18	 -7.12530766227719 +0.9361888836630198	 -5.674247054288051 +5.190553374601946
4.19	 -7.134642711174548 +0.9361680002213343	 -5.683534992783393 +5.194971786683801
4.2	 -7.143962117807327 +0.9361472437484656	 -5.692807596947521 +5.199379786983697
4.21	 -7.15326593975654 +0.9361266131972203	 -5.70206492194682 +5.203777424279492
4.22	 -7.162554237548273 +0.9361061075312784	 -5.711307025369308 +5.208164746990713
4.23	 -7.171827067753976 +0.9360857257250847	 -5.720533962726732 +5.212541803248855
4.24	 -7.181084489783287 +0.936065466763698	 -5.7297457883292 +5.216908640783078
4.25	 -7.190326562043101 +0.9360453296426571	 -5.738942560161278 +5.2212653069907144
4.26	 -7.199553340621466 +0.9360253133678637	 -5.7481243306490395 +5.225611849006797
4.27	 -7.208764884061529 +0.9360054169554417	 -5.757291155111805 +5.229948313557111
4.28	 -7.217961248264546 +0.9359856394316133	 -5.76644308884946 +5.234274747144093
4.29	 -7.227142489598722 +0.9359659798325811	 -5.775580183858086 +5.238591195834139
4.3	 -7.236308665319727 +0.9359464372043951	 -5.784702496109972 +5.24289770550878
4.31	 -7.245459830117203 +0.935927010602835	 -5.793810077656248 +5.247194321619731
4.32	 -7.2545960404603616 +0.9359076990932965	 -5.802902982225456 +5.251481089340522
4.33	 -7.26371735173749 +0.9358885017506605	 -5.811981261835604 +5.255758053601664
4.34	 -7.272823818088163 +0.9358694176591916	 -5.821044970889918 +5.260025258929585
4.35	 -7.281915493569497 +0.9358504459124164	 -5.830094159119053 +5.264282749596987
4.36	 -7.290992433711446 +0.9358315856130031	 -5.839128880692118 +5.268530569592528
4.37	 -7.30005469203936 +0.93581283587267	 -5.848149185029754 +5.272768762623354
4.38	 -7.309102321579567 +0.9357941958120524	 -5.857155125308811 +5.276997372004471
4.39	 -7.318135376939928 +0.9357756645606174	 -5.866146752178859 +5.281216440872104
4.4	 -7.327153909971725 +0.9357572412565315	 -5.875124115977566 +5.285426012040207
4.41	 -7.336157972859554 +0.9357389250465886	 -5.884087268306016 +5.289626127923233
4.42	 -7.345147620466057 +0.9357207150860704	 -5.893036257337485 +5.293816830876194
4.43	 -7.3541229028851705 +0.935702610538669	 -5.901971135076658 +5.29799816279523
4.44	 -7.3630838714455935 +0.9356846105763815	 -5.910891949918875 +5.302170165329368
4.45	 -7.372030580283517 +0.9356667143794024	 -5.919798752542644 +5.306332879914396
4.46	 -7.380963077978147 +0.935648921136033	 -5.928691590963592 +5.31048634761593
4.47	 -7.3898814157523445 +0.9356312300425871	 -5.9375705148224736 +5.314630609291232
4.48	 -7.398785645392067 +0.9356136403032822	 -5.9464355714164885 +5.318765705575094
4.49	 -7.407675817555549 +0.9355961511301635	 -5.955286812013794 +5.322891676724049
4.5	 -7.416551981282405 +0.9355787617430018	 -5.9641242804213705 +5.327008562824394
4.51	 -7.425414186751986 +0.9355614713692001	 -5.972948029167861 +5.331116403605166
4.52	 -7.434262482581383 +0.9355442792437085	 -5.98175810251077 +5.335215238613683
4.53	 -7.443096920395751 +0.935527184608932	 -5.990554548338378 +5.339305107154471
4.54	 -7.451917547028973 +0.9355101867146486	 -5.999337414247055 +5.343386048166624
4.55	 -7.4607244110969 +0.9354932848179154	 -6.008106747527946 +5.347458100476065
4.56	 -7.469517562047302 +0.935476478182989	 -6.016862593353542 +5.351521302547923
4.57	 -7.47829704786184 +0.9354597660812334	 -6.0256049991671246 +5.3555756926447105
4.58	 -7.487062916891401 +0.9354431477910519	 -6.034334010577558 +5.359621308812541
4.59	 -7.495815215588501 +0.9354266225977874	 -6.043049673722062 +5.363658188790385
4.6	 -7.504553991936737 +0.935410189793661	 -6.051752033721038 +5.367686370074398
4.61	 -7.51327929350226 +0.9353938486776713	 -6.060441136576504 +5.371705889981385
4.62	 -7.521991166963354 +0.935377598555536	 -6.069117026664733 +5.375716785558297
4.63	 -7.530689658485389 +0.9353614387395995	 -6.0777797487553755 +5.3797190935693
4.64	 -7.539374813695026 +0.9353453685487652	 -6.086429349012999 +5.38371285066607
4.65	 -7.548046679204598 +0.9353293873084153	 -6.09506586944129 +5.38769809309929
4.66	 -7.556705303070728 +0.9353134943503374	 -6.103689356097477 +5.3916748570565405
4.67	 -7.565350728211954 +0.935297689012657	 -6.1122998526225825 +5.395643178404811
4.68	 -7.573983000600016 +0.9352819706397559	 -6.12089740147621 +5.3996030927085545
4.69	 -7.582602165415133 +0.9352663385822076	 -6.129482046921005 +5.403554635534182
4.7	 -7.5912082671287795 +0.935250792196705	 -6.138053833090314 +5.4074978419676905
4.71	 -7.599801352525586 +0.935235330845987	 -6.146612801734961 +5.411432747115114
4.72	 -7.60838146277435 +0.9352199538987743	 -6.155158995231446 +5.415359385652005
4.73	 -7.616948644092263 +0.9352046607297022	 -6.163692457606883 +5.419277792141677
4.74	 -7.625502939373301 +0.9351894507192544	 -6.172213230683741 +5.423188000976208
4.75	 -7.634044392729467 +0.9351743232536893	 -6.1807213565755 +5.427090046198967
4.76	 -7.642573047606999 +0.9351592777249865	 -6.189216876582636 +5.430983961775411
4.77	 -7.6510889482590025 +0.9351443135307705	 -6.197699833025234 +5.434869781341213
4.78	 -7.659592136720829 +0.9351294300742576	 -6.206170267632645 +5.4387475384569575
4.79	 -7.668082654543584 +0.9351146267641942	 -6.214628220751075 +5.442617266372044
4.8	 -7.676560544800336 +0.9350999030147813	 -6.2230737342617335 +5.446478998160191
4.81	 -7.68502585159958 +0.9350852582456238	 -6.231506848018391 +5.450332766720784
4.82	 -7.693478615177607 +0.9350706918816798	 -6.239927604125501 +5.454178604692189
4.83	 -7.701918877964916 +0.935056203353177	 -6.248336042240291 +5.458016544556527
4.84	 -7.710346681584764 +0.9350417920955761	 -6.256732201732095 +5.461846618597011
4.85	 -7.7187620674872415 +0.9350274575495062	 -6.265116124529866 +5.465668858899565
4.86	 -7.727165076790401 +0.9350131991606974	 -6.273487848455323 +5.4694832972961835
4.87	 -7.73555575068929 +0.9349990163799438	 -6.281847415140286 +5.473289965541472
4.88	 -7.743934130005584 +0.9349849086630336	 -6.290194861909746 +5.47708889509552
4.89	 -7.752300254656123 +0.9349708754706934	 -6.298530229089983 +5.4808801172712105
4.9	 -7.760654165377474 +0.9349569162685495	 -6.306853556063467 +5.484663663177528
4.91	 -7.768995902277827 +0.9349430305270539	 -6.315164881018399 +5.488439563735667
4.92	 -7.77732550560393 +0.9349292177214491	 -6.3234642424992 +5.492207849723667
4.93	 -7.785643015165729 +0.9349154773317004	 -6.3317516788424495 +5.495968551676994
4.94	 -7.793948468909767 +0.9349018088424655	 -6.3400272287513175 +5.499721699947906
4.95	 -7.802241908932766 +0.9348882117430117	 -6.34829093003323 +5.5034673247498
4.96	 -7.810523372165071 +0.9348746855272027	 -6.35654282129174 +5.5072054561154244
4.97	 -7.818792897630141 +0.9348612296934231	 -6.364782939568583 +5.510936123855585
4.98	 -7.827050525756081 +0.9348478437445341	 -6.373011321680277 +5.514659357632072
4.99	 -7.83529629313575 +0.9348345271878411	 -6.3812280060491045 +5.518375186916213
5.	 -7.843530238528254 +0.9348212795350195	 -6.389433029190718 +5.522083641032874
5.01	 -7.851752400918631 +0.9348081003020878	 -6.397626427865375 +5.525784749105054
5.02	 -7.859962818065161 +0.9347949890093583	 -6.405808239807902 +5.529478540083721
5.03	 -7.868161526230001 +0.9347819451813849	 -6.4139785004958 +5.533165042777305
5.04	 -7.87634856510052 +0.9347689683469179	 -6.422137246526688 +5.536844285796594
5.05	 -7.884523970940492 +0.9347560580388696	 -6.430284514667804 +5.540516297598378
5.06	 -7.892687780980376 +0.9347432137942558	 -6.4384203402314935 +5.544181106472622
5.07	 -7.900840032069216 +0.9347304351541649	 -6.4465447603829 +5.547838740529833
5.08	 -7.90898076130381 +0.9347177216637037	 -6.454657809092579 +5.551489227758177
5.09	 -7.91711000573417 +0.9347050728719632	 -6.462759522575267 +5.555132595899246
5.1	 -7.925227800077273 +0.9346924883319768	 -6.470849936742089 +5.5587688726304885
5.11	 -7.933334182920637 +0.9346799676006694	 -6.478929086219815 +5.56239808541321
5.12	 -7.941429189093209 +0.934667510238824	 -6.486997006062772 +5.566020261577249
5.13	 -7.949512854853134 +0.934655115811046	 -6.495053730989504 +5.56963542823919
5.14	 -7.957585215041277 +0.9346427838857061	 -6.503099295702141 +5.573243612441775
5.15	 -7.965646306414979 +0.9346305140349224	 -6.5111337351195875 +5.576844840989418
5.16	 -7.973696163369938 +0.934618305834503	 -6.519157082948759 +5.5804391406284894
5.17	 -7.981734822144976 +0.9346061588639213	 -6.527169373803495 +5.584026537842239
5.18	 -7.989762316506606 +0.9345940727062656	 -6.535170640982353 +5.5876070590306215
5.19	 -7.9977786822518 +0.9345820469482107	 -6.5431609191666515 +5.591180730456258
5.2	 -8.005783953043242 +0.9345700811799788	 -6.551140241998088 +5.594747578191018
5.21	 -8.01377816494589 +0.9345581749952988	 -6.559108642468536 +5.598307628158287
5.22	 -8.021761351340478 +0.9345463279913778	 -6.567066154552391 +5.60186090614766
5.23	 -8.029733546123916 +0.9345345397688515	 -6.575012810287869 +5.605407437829446
5.24	 -8.0376947841354 +0.934522809931767	 -6.582948644062136 +5.6089472486609795
5.25	 -8.045645098777985 +0.9345111380875322	 -6.590873687561198 +5.61248036407707
5.26	 -8.053584523375235 +0.934499523846893	 -6.598787974799338 +5.616006809153613
5.27	 -8.061513092405105 +0.9344879668238858	 -6.60669153720922 +5.619526609107482
5.28	 -8.069430838383534 +0.9344764666358214	 -6.614584407954281 +5.62303978877229
5.29	 -8.077337794420622 +0.9344650229032343	 -6.622466619584499 +5.626546372976245
5.3	 -8.08523399365459 +0.9344536352498625	 -6.630338203227298 +5.630046386368363
5.31	 -8.093119469650258 +0.9344423033026014	 -6.6381991906793365 +5.633539853459866
5.32	 -8.100994255119451 +0.9344310266914925	 -6.64604961457257 +5.637026798611907
5.33	 -8.108858380629187 +0.934419805049673	 -6.653889507118123 +5.640507246103065
5.34	 -8.116711880629337 +0.9344086380133481	 -6.661718898214975 +5.643981219970881
5.35	 -8.124554787709735 +0.9343975252217641	 -6.6695378206158935 +5.647448744278326
5.36	 -8.132387132880723 +0.9343864663171795	 -6.677346304488006 +5.650909842836112
5.37	 -8.140208948061469 +0.9343754609448307	 -6.685144381639652 +5.654364539283811
5.38	 -8.148020265624456 +0.9343645087528996	 -6.692932083400437 +5.6578128572753466
5.39	 -8.155821115821167 +0.9343536093924899	 -6.7007094396275555 +5.661254820268534
5.4	 -8.163611531800372 +0.9343427625175978	 -6.708476481051354 +5.664690451487367
5.41	 -8.171391545270309 +0.9343319677850717	 -6.716233238939857 +5.668119774250882
5.42	 -8.179161185051242 +0.9343212248546	 -6.723979742116925 +5.671542811567343
5.43	 -8.186920484806235 +0.934310533388675	 -6.731716022978436 +5.674959586345343
5.44	 -8.194669472577758 +0.9342998930525656	 -6.739442110604542 +5.6783701214205085
5.45	 -8.202408182301461 +0.9342893035142832	 -6.7471580338276596 +5.681774439503979
5.46	 -8.210136642051358 +0.93427876444457	 -6.754863824785045 +5.685172563131482
5.47	 -8.21785488365329 +0.9342682755168535	 -6.76255951089428 +5.688564514768178
5.48	 -8.225562937414635 +0.9342578364072381	 -6.770245123198033 +5.691950316744524
5.49	 -8.23326083301304 +0.9342474467944657	 -6.777920690518173 +5.6953299912185855
5.5	 -8.240948600915146 +0.9342371063598905	 -6.785586242048482 +5.698703560331766
5.51	 -8.248626270881305 +0.9342268147874656	 -6.793241806490531 +5.702071046016108
5.52	 -8.256293871817878 +0.9342165717636993	 -6.800887414429063 +5.70543247008569
5.53	 -8.263951434647254 +0.9342063769776475	 -6.808523093465404 +5.708787854327022
5.54	 -8.271598988079619 +0.9341962301208763	 -6.8161488725991015 +5.712137220320287
5.55	 -8.279236561841365 +0.9341861308874403	 -6.823764780175228 +5.715480589555713
5.56	 -8.286864185089456 +0.9341760789738601	 -6.831370845378737 +5.718817983459609
5.57	 -8.294481887228203 +0.9341660740791063	 -6.838967096295791 +5.7221494232423025
5.58	 -8.302089696868135 +0.9341561159045604	 -6.8465535606206025 +5.725474930090038
5.59	 -8.309687642515438 +0.9341462041539981	 -6.854130267190132 +5.728794525051104
5.6	 -8.317275753556878 +0.934136338533568	 -6.861697243863524 +5.732108229011546
5.61	 -8.324854057757312 +0.9341265187517694	 -6.86925451832504 +5.735416062873004
5.62	 -8.33242258431693 +0.9341167445194283	 -6.876802119092415 +5.738718047262784
5.63	 -8.339981360970999 +0.9341070155496665	 -6.884340072203969 +5.742014202825153
5.64	 -8.347530416283105 +0.9340973315578975	 -6.8918684053423735 +5.745304550020259
5.65	 -8.355069777686143 +0.9340876922617879	 -6.8993871477571656 +5.748589109263317
5.66	 -8.362599473639603 +0.9340780973812447	 -6.906896324700341 +5.751867900824797
5.67	 -8.370119532697862 +0.9340685466383898	 -6.914395964623874 +5.755140944881413
5.68	 -8.377629980945825 +0.9340590397575402	 -6.921886093197064 +5.758408261479401
5.69	 -8.385130847013386 +0.9340495764651892	 -6.929366738242269 +5.761669870622502
5.7	 -8.392622157514833 +0.9340401564899852	 -6.936837926823514 +5.764925792135588
5.71	 -8.400103940506957 +0.9340307795627029	 -6.944299684893526 +5.7681760457776
5.72	 -8.40757622273325 +0.9340214454162356	 -6.951752039257403 +5.771420651167669
5.73	 -8.415039031065767 +0.9340121537855748	 -6.959195016367156 +5.774659627934354
5.74	 -8.422492392873025 +0.9340029044077675	 -6.966628642657304 +5.7778929954442075
5.75	 -8.42993633525337 +0.9339936970219301	 -6.974052943301886 +5.781120773086841
5.76	 -8.437370884742528 +0.9339845313692118	 -6.981467946303136 +5.784342980139456
5.77	 -8.444796067146664 +0.9339754071927726	 -6.988873675636817 +5.787559635669541
5.78	 -8.452211909504774 +0.9339663242377658	 -6.996270158533174 +5.790770758854753
5.79	 -8.459618437538838 +0.9339572822513311	 -7.003657419375441 +5.793976368505231
5.8	 -8.467015679101078 +0.9339482809825552	 -7.011035485506133 +5.79717648356673
5.81	 -8.474403658292193 +0.9339393201824794	 -7.018404381173482 +5.800371122766138
5.82	 -8.481782402074968 +0.9339303996040565	 -7.025764132420256 +5.803560304819822
5.83	 -8.489151937121797 +0.9339215190021445	 -7.033114764422552 +5.806744048227271
5.84	 -8.496512287444972 +0.9339126781334934	 -7.0404563020663185 +5.809922371502947
5.85	 -8.503863480000552 +0.9339038767567233	 -7.047788770590507 +5.813095292994576
5.86	 -8.51120553995938 +0.9338951146322996	 -7.0551121944368065 +5.816262831017232
5.87	 -8.518538492070494 +0.9338863915225262	 -7.062426599799281 +5.819425003769044
5.88	 -8.525862363669285 +0.9338777071915222	 -7.06973200985644 +5.822581829368157
5.89	 -8.533177177311781 +0.9338690614052132	 -7.0770284504181005 +5.825733325781173
5.9	 -8.540482959224027 +0.9338604539313093	 -7.084315945897635 +5.828879510956157
5.91	 -8.547779735420091 +0.9338518845392767	 -7.091594520197409 +5.832020402762801
5.92	 -8.555067529769556 +0.9338433530003464	 -7.098864198039397 +5.83515601887341
5.93	 -8.56234636642279 +0.9338348590874841	 -7.106125003645576 +5.8382863769910935
5.94	 -8.569616271640696 +0.9338264025753648	 -7.113376960682333 +5.841411494634962
5.95	 -8.576877268431438 +0.9338179832403769	 -7.120620094036571 +5.844531389307986
5.96	 -8.584129382886145 +0.9338096008605978	 -7.127854427074921 +5.847646078425749
5.97	 -8.591372637759992 +0.9338012552157733	 -7.135079983504955 +5.850755579234085
5.98	 -8.59860705788919 +0.9337929460873073	 -7.142296787514031 +5.853859909011459
5.99	 -8.60583266722361 +0.9337846732582529	 -7.1495048621705255 +5.856959084844137
6.	 -8.613049491142649 +0.9337764365132774	 -7.156704231213401 +5.860053123816318
6.01	 -8.62025755138636 +0.933768235638679	 -7.163894918398896 +5.863142042868705
6.02	 -8.627456873763597 +0.9337600704223394	 -7.171076946442504 +5.866225858881879
6.03	 -8.634647480944855 +0.9337519406537341	 -7.178250339115665 +5.869304588653114
6.04	 -8.641829395694172 +0.9337438461239052	 -7.185415119339301 +5.872378248885269
6.05	 -8.649002643438232 +0.9337357866254491	 -7.192571310243026 +5.875446856245867
6.06	 -8.656167246925838 +0.9337277619525047	 -7.199718934707842 +5.878510427238827
6.07	 -8.663323228345556 +0.9337197719007383	 -7.206858015845838 +5.881568978357208
6.08	 -8.670470613073283 +0.9337118162673332	 -7.213988575590071 +5.884622526024958
6.09	 -8.67760942198612 +0.9337038948509725	 -7.2211106374339735 +5.8876710864695685
6.1	 -8.684739680096186 +0.9336960074518205	 -7.228224224098756 +5.890714675978701
6.11	 -8.691861409414166 +0.9336881538715218	 -7.235329356833185 +5.893753310691137
6.12	 -8.698974631606546 +0.9336803339131855	 -7.242426058974259 +5.896787006678788
6.13	 -8.706079371526432 +0.9336725473813594	 -7.249514353287054 +5.899815779935555
6.14	 -8.713175650579958 +0.9336647940820308	 -7.256594260701679 +5.902839646343282
6.15	 -8.720263492523264 +0.9336570738226078	 -7.263665803894067 +5.9058586217875435
6.16	 -8.727342918257056 +0.9336493864119115	 -7.270729004721941 +5.908872722031178
6.17	 -8.734413950706493 +0.9336417316601571	 -7.277783885744742 +5.911881962726616
6.18	 -8.741476611922586 +0.9336341093789451	 -7.284830468180056 +5.914886359519659
6.19	 -8.748530925578171 +0.9336265193812499	 -7.291868773914327 +5.91788592791227
6.2	 -8.755576911551096 +0.9336189614814041	 -7.298898824846835 +5.920880683400544
6.21	 -8.762614593557396 +0.9336114354950906	 -7.305920641886831 +5.923870641326503
6.22	 -8.769643992415926 +0.9336039412393339	 -7.312934246985859 +5.926855817049854
6.23	 -8.776665130200973 +0.9335964785324764	 -7.319939661789181 +5.929836225834134
6.24	 -8.783678029507026 +0.9335890471941711	 -7.326936907354614 +5.93281188277937
6.25	 -8.790682710707772 +0.9335816470453879	 -7.333926004473918 +5.935782803026988
6.26	 -8.79767919669303 +0.9335742779083727	 -7.340906974748331 +5.938749001578545
6.27	 -8.804667507076926 +0.9335669396066574	 -7.347879839521307 +5.941710493375726
6.28	 -8.811647664886548 +0.9335596319650385	 -7.354844618753799 +5.944667293357001
6.29	 -8.818619691006045 +0.9335523548095761	 -7.361801333745678 +5.947619416300115
6.3	 -8.825583606325102 +0.9335451079675717	 -7.368750006507236 +5.950566876935484
6.31	 -8.832539431917873 +0.9335378912675647	 -7.375690655605108 +5.9535096899352995
6.32	 -8.839487189645222 +0.9335307045393155	 -7.382623303610771 +5.9564478699698045
6.33	 -8.846426899111236 +0.9335235476138086	 -7.38954796940194 +5.959381431472514
6.34	 -8.853358581894788 +0.9335164203232219	 -7.396464674797272 +5.962310388987891
6.35	 -8.860282258884766 +0.9335093225009305	 -7.403373439764731 +5.965234756869537
6.36	 -8.8671979504408 +0.9335022539814946	 -7.410274283982072 +5.968154549481814
6.37	 -8.87410567717399 +0.9334952146006469	 -7.417167228960173 +5.9710697810774915
6.38	 -8.881005459989037 +0.9334882041952808	 -7.424052292839042 +5.973980465853936
6.39	 -8.887897318732279 +0.9334812226034468	 -7.430929498064129 +5.976886617964533
6.4	 -8.89478127496074 +0.9334742696643357	 -7.4377988628411185 +5.979788251397313
6.41	 -8.901657346966617 +0.9334673452182746	 -7.444660407316105 +5.982685380263086
6.42	 -8.908525557002687 +0.9334604491067111	 -7.451514151852328 +5.985578018463808
6.43	 -8.915385923336862 +0.9334535811722128	 -7.45836011666522 +5.988466179826128
6.44	 -8.922238467394894 +0.933446741258445	 -7.465198320076732 +5.991349878200722
6.45	 -8.929083208168917 +0.9334399292101744	 -7.472028782598967 +5.994229127297499
6.46	 -8.935920167181614 +0.9334331448732499	 -7.478851523861712 +5.997103940850845
6.47	 -8.94274936245796 +0.9334263880945988	 -7.485666562094231 +5.999974332433445
6.48	 -8.949570813525963 +0.9334196587222227	 -7.492473918404506 +6.002840315610294
6.49	 -8.956384541295963 +0.9334129566051732	 -7.499273610870697 +6.00570190391684
6.5	 -8.963190564939843 +0.9334062815935522	 -7.506065658275579 +6.0085591107285055
6.51	 -8.96998890381512 +0.9333996335385111	 -7.512850080731195 +6.011411949424824
6.52	 -8.976779576942945 +0.9333930122922284	 -7.519626897335725 +6.0142604333350755
6.53	 -8.983562604439344 +0.9333864177079049	 -7.526396126950251 +6.017104575727727
6.54	 -8.990338004502131 +0.9333798496397628	 -7.533157787562201 +6.019944389745888
6.55	 -8.997105796943268 +0.9333733079430251	 -7.5399118993699465 +6.022779888537804
6.56	 -9.003866001323177 +0.9333667924739147	 -7.546658480214975 +6.02561108519201
6.57	 -9.010618636134842 +0.9333603030896482	 -7.553397548937575 +6.028437992705371
6.58	 -9.017363720143742 +0.9333538396484174	 -7.560129124530491 +6.031260623994462
6.59	 -9.024101272793212 +0.9333474020093988	 -7.566853225042652 +6.034078991981948
6.6	 -9.030831311500329 +0.9333409900327223	 -7.57356986977272 +6.036893109532138
6.61	 -9.037553857146078 +0.9333346035794821	 -7.580279075781257 +6.039702989376418
6.62	 -9.044268926382786 +0.9333282425117222	 -7.586980862769594 +6.0425086442424005
6.63	 -9.050976539384491 +0.933321906692426	 -7.593675248407711 +6.0453100868005345
6.64	 -9.057676714071917 +0.9333155959855153	 -7.600362250575952 +6.048107329664387
6.65	 -9.06436946778744 +0.9333093102558344	 -7.607041887756965 +6.050900385369781
6.66	 -9.071054820695377 +0.9333030493691447	 -7.613714177692606 +6.053689266428347
6.67	 -9.077732789296478 +0.9332968131921288	 -7.620379139213578 +6.0564739852640015
6.68	 -9.084403393713897 +0.9332906015923599	 -7.627036789361207 +6.059254554245292
6.69	 -9.09106665094636 +0.9332844144383143	 -7.6336871462663085 +6.0620309857174455
6.7	 -9.097722578520408 +0.933278251599364	 -7.640330228253932 +6.064803291960209
6.71	 -9.104371196424587 +0.9332721129457472	 -7.646966051532976 +6.067571485177735
6.72	 -9.111012520422324 +0.9332659983485908	 -7.653594635243603 +6.070335577509559
6.73	 -9.117646569330041 +0.9332599076798839	 -7.660215996379444 +6.073095581104608
6.74	 -9.124273361177067 +0.9332538408124762	 -7.666830152574193 +6.075851508047552
6.75	 -9.130892913567315 +0.9332477976200657	 -7.673437120744766 +6.078603370254408
6.76	 -9.13750524405874 +0.9332417779772099	 -7.680036919388231 +6.0813511797353135
6.77	 -9.144110370163485 +0.933235781759293	 -7.686629564975492 +6.08409494837434
6.78	 -9.150708309348099 +0.9332298088425409	 -7.693215074532748 +6.0868346879929245
6.79	 -9.157299079616696 +0.9332238591040006	 -7.6997934658247935 +6.089570410464847
6.8	 -9.163882698072372 +0.9332179324215419	 -7.706364756257142 +6.092302127434905
6.81	 -9.170459181297321 +0.9332120286738449	 -7.712928961756661 +6.095029850642541
6.82	 -9.177028548341454 +0.9332061477403938	 -7.719486100703003 +6.097753591713582
6.83	 -9.183590815012167 +0.9332002895014835	 -7.726036188151944 +6.100473362254255
6.84	 -9.190145998548187 +0.9331944538381884	 -7.732579242809382 +6.10318917380987
6.85	 -9.196694115792868 +0.9331886406323828	 -7.739115281169797 +6.1059010378135286
6.86	 -9.203235184577666 +0.9331828497667115	 -7.745644319409054 +6.108608965762207
6.87	 -9.20976922149237 +0.9331770811246013	 -7.752166373829296 +6.111312969020554
6.88	 -9.216296243702242 +0.9331713345902417	 -7.758681462317959 +6.114013058924607
6.89	 -9.222816266973956 +0.9331656100485926	 -7.765189600691316 +6.116709246781912
6.9	 -9.22932930943495 +0.9331599073853585	 -7.77169080535442 +6.119401543830665
6.91	 -9.235835386236971 +0.9331542264870063	 -7.778185092498192 +6.122089961240119
6.92	 -9.24233451654376 +0.9331485672407362	 -7.784672479296863 +6.124774510213275
6.93	 -9.248826714118138 +0.9331429295344981	 -7.791152981348817 +6.127455201761942
6.94	 -9.255311996568127 +0.9331373132569658	 -7.797626614787576 +6.130132047013883
6.95	 -9.261790380925568 +0.9331317182975423	 -7.804093396318518 +6.132805056937065
6.96	 -9.268261882411025 +0.9331261445463542	 -7.810553342594663 +6.1354742424830375
6.97	 -9.274726518726366 +0.9331205918942388	 -7.8170064691106935 +6.138139614566691
6.98	 -9.28118430525694 +0.9331150602327494	 -7.823452791335997 +6.140801184036027
6.99	 -9.287635258829637 +0.933109549454138	 -7.829892325544621 +6.14345896175355
7.	 -9.294079394208559 +0.9331040594513589	 -7.836325088192938 +6.146112958434395
7.01	 -9.300516728284196 +0.9330985901180576	 -7.842751094414617 +6.148763184839039
7.02	 -9.30694727802419 +0.9330931413485668	 -7.849170360559218 +6.151409651631843
7.03	 -9.313371057737701 +0.9330877130379049	 -7.855582901929435 +6.154052369442047
7.04	 -9.319788084656707 +0.9330823050817609	 -7.86198873437598 +6.156691348863942
7.05	 -9.326198373982171 +0.9330769173765058	 -7.868387873711642 +6.159326600447031
7.06	 -9.33260194158152 +0.9330715498191685	 -7.874780335490984 +6.161958134666201
7.07	 -9.338998803683909 +0.9330662023074394	 -7.881166133931496 +6.164585962012271
7.08	 -9.345388974860805 +0.9330608747396743	 -7.88754528615915 +6.167210092871879
7.09	 -9.351772471646601 +0.9330555670148678	 -7.893917807119444 +6.169830537617975
7.1	 -9.358149309557893 +0.9330502790326707	 -7.900283711963808 +6.17244730656999
7.11	 -9.364519503319185 +0.9330450106933709	 -7.906643015311816 +6.175060410004099
7.12	 -9.370883069251061 +0.9330397618978887	 -7.912995733500148 +6.177669858173341
7.13	 -9.377240022245036 +0.9330345325477855	 -7.919341881157548 +6.180275661287866
7.14	 -9.383590378703847 +0.9330293225452349	 -7.925681473198116 +6.182877829455735
7.15	 -9.389934152200603 +0.9330241317930504	 -7.9320145252347265 +6.185476372831969
7.16	 -9.396271359145477 +0.9330189601946467	 -7.938341051756184 +6.188071301430456
7.17	 -9.402602013757592 +0.933013807654059	 -7.944661068522469 +6.190662625341924
7.18	 -9.408926132352905 +0.9330086740759255	 -7.950974588910545 +6.193250354506731
7.19	 -9.415243728708747 +0.9330035593654894	 -7.957281629400897 +6.195834498873286
7.2	 -9.421554818734972 +0.9329984634285928	 -7.9635822045845845 +6.198415068348799
7.21	 -9.427859417498205 +0.9329933861716704	 -7.969876327313643 +6.200992072799507
7.22	 -9.434157539188412 +0.9329883275017448	 -7.976164014415073 +6.203565522031317
7.23	 -9.440449198356761 +0.9329832873264271	 -7.982445279384019 +6.206135425809712
7.24	 -9.446734412119547 +0.9329782655539018	 -7.988720137604583 +6.208701793947925
7.25	 -9.453013191969896 +0.9329732620929393	 -7.994988602414342 +6.21126463605286
7.26	 -9.459285554526616 +0.9329682768528695	 -8.001250689775741 +6.213823961848007
7.27	 -9.465551514498173 +0.9329633097435995	 -8.007506413451289 +6.2163797809390475
7.28	 -9.471811085686069 +0.9329583606755943	 -8.013755787350581 +6.218932102882627
7.29	 -9.478064282872095 +0.9329534295598786	 -8.019998826169536 +6.221480937254554
7.3	 -9.484311120785117 +0.9329485163080312	 -8.026235544667932 +6.224026293523669
7.31	 -9.490551614004586 +0.9329436208321795	 -8.032465956159257 +6.226568181187954
7.32	 -9.49678577566748 +0.9329387430450017	 -8.038690075864027 +6.229106609648697
7.33	 -9.50301362137406 +0.9329338828597141	 -8.044907916727805 +6.231641588288269
7.34	 -9.509235165338053 +0.9329290401900694	 -8.05111949346486 +6.234173126489484
7.35	 -9.515450420838352 +0.932924214950361	 -8.05732482065979 +6.2367012335393115
7.36	 -9.521659403145064 +0.9329194070554025	 -8.06352391128815 +6.239225918706337
7.37	 -9.527862125707635 +0.9329146164205433	 -8.069716779587496 +6.241747191212066
7.38	 -9.534058602638382 +0.9329098429616468	 -8.075903439745161 +6.244265060317446
7.39	 -9.54024884855483 +0.9329050865950987	 -8.082083905247622 +6.246779535131109
7.4	 -9.546432876589272 +0.9329003472377977	 -8.088258190242492 +6.2492906247728435
7.41	 -9.552610701279688 +0.9328956248071556	 -8.094426307548423 +6.251798338363943
7.42	 -9.558782335987916 +0.9328909192210874	 -8.10058827222931 +6.254302684941317
7.43	 -9.564947795114726 +0.9328862303980101	 -8.106744097294978 +6.256803673515157
7.44	 -9.57110709211651 +0.9328815582568434	 -8.112893795882627 +6.259301313069055
7.45	 -9.577260240953724 +0.9328769027170034	 -8.119037382376195 +6.261795612560129
7.46	 -9.583407254836679 +0.9328722636983923	 -8.125174869515455 +6.264286580862263
7.47	 -9.589548147971628 +0.9328676411214059	 -8.13130627100145 +6.266774226861311
7.48	 -9.5956829330969 +0.932863034906922	 -8.137431600487595 +6.269258559417133
7.49	 -9.601811624512756 +0.9328584449763007	 -8.143550871636586 +6.271739587325946
7.5	 -9.607934236053842 +0.9328538712513784	 -8.149664096724383 +6.274217319311284
7.51	 -9.614050780000326 +0.9328493136544646	 -8.15577128966337 +6.276691764146858
7.52	 -9.620161270923443 +0.9328447721083408	 -8.161872463733886 +6.279162930515092
7.53	 -9.626265721333061 +0.9328402465362611	 -8.167967632151932 +6.2816308270922105
7.54	 -9.63236414437255 +0.932835736861933	 -8.174056808125851 +6.2840954624826
7.55	 -9.638456554020543 +0.932831243009527	 -8.180140004256614 +6.286556845303511
7.56	 -9.644542964131555 +0.9328267649036756	 -8.186217233851718 +6.289014984100756
7.57	 -9.650623386158161 +0.9328223024694635	 -8.192288509743031 +6.291469887405178
7.58	 -9.656697834314672 +0.9328178556324215	 -8.198353845484313 +6.293921563723384
7.59	 -9.662766321069697 +0.9328134243185313	 -8.204413253389319 +6.296370021472616
7.6	 -9.668828860468807 +0.9328090084542152	 -8.210466746531562 +6.298815269130211
7.61	 -9.674885464557075 +0.9328046079663402	 -8.216514337679648 +6.301257315065848
7.62	 -9.680936146527714 +0.932800222782207	 -8.222556039726179 +6.303696167653614
7.63	 -9.686980919139465 +0.9327958528295558	 -8.22859186596498 +6.306131835207033
7.64	 -9.693019795404048 +0.9327914980365499	 -8.234621828088562 +6.308564326025691
7.65	 -9.699052788418099 +0.9327871583317866	 -8.240645938491618 +6.3109936483490925
7.66	 -9.705079910974927 +0.9327828336442867	 -8.246664211041963 +6.313419810477006
7.67	 -9.71110117499498 +0.9327785239034925	 -8.252676657289854 +6.315842820529296
7.68	 -9.717116594035105 +0.9327742290392643	 -8.25868329094062 +6.318262686723326
7.69	 -9.723126180483245 +0.9327699489818793	 -8.264684123370307 +6.320679417180133
7.7	 -9.729129946851268 +0.932765683662029	 -8.270679167168225 +6.3230930200076845
7.71	 -9.735127905719065 +0.932761433010811	 -8.276668434973026 +6.325503503273391
7.72	 -9.741120069440996 +0.932757196959736	 -8.282651939399006 +6.327910875013516
7.73	 -9.74710645080573 +0.9327529754407097	 -8.288629692176043 +6.330315143233291
7.74	 -9.753087061882551 +0.9327487683860478	 -8.294601706019533 +6.33271631595282
7.75	 -9.759061915175248 +0.9327445757284589	 -8.30056799338265 +6.335114401079121
7.76	 -9.765031023546346 +0.932740397401049	 -8.30652856580172 +6.337509406552683
7.77	 -9.77099439875904 +0.9327362333373181	 -8.312483435995803 +6.339901340256166
7.78	 -9.77695205282896 +0.9327320834711534	 -8.31843261565883 +6.342290210032925
7.79	 -9.78290399894809 +0.9327279477368318	 -8.32437611715496 +6.344676023741687
7.8	 -9.78885024883074 +0.9327238260690092	 -8.330313952553013 +6.3470587891385355
7.81	 -9.794790813664285 +0.9327197184027337	 -8.336246133447101 +6.349438514031501
7.82	 -9.80072570655323 +0.9327156246734231	 -8.342172671809877 +6.351815206135447
7.83	 -9.806654939960882 +0.9327115448168725	 -8.348093580351337 +6.354188873181036
7.84	 -9.812578524396924 +0.932707478769256	 -8.354008869897687 +6.356559522815363
7.85	 -9.818496473706917 +0.9327034264671115	 -8.359918553187677 +6.358927162719569
7.86	 -9.824408798269621 +0.9326993878473548	 -8.365822641944664 +6.361291800482597
7.87	 -9.830315511234767 +0.9326953628472555	 -8.371721147260477 +6.363653443745565
7.88	 -9.836216623786685 +0.9326913514044559	 -8.377614081466403 +6.3660121000308205
7.89	 -9.842112147539916 +0.9326873534569575	 -8.383501455650956 +6.368367776895082
7.9	 -9.848002094339575 +0.9326833689431159	 -8.389383281923955 +6.37072048183963
7.91	 -9.853886476706696 +0.932679397801648	 -8.39525957176465 +6.373070222355345
7.92	 -9.859765305352463 +0.93267543997162	 -8.40113033666864 +6.37541700584236
7.93	 -9.865638592487997 +0.9326714953924496	 -8.406995588825588 +6.377760839780054
7.94	 -9.871506349873872 +0.9326675640039028	 -8.412855339154937 +6.380101731530541
7.95	 -9.877368588609503 +0.9326636457460916	 -8.418709598595035 +6.382439688472832
7.96	 -9.883225320416058 +0.9326597405594763	 -8.424558379329211 +6.384774717967156
7.97	 -9.88907655736639 +0.9326558483848468	 -8.43040169298516 +6.387106827301775
7.98	 -9.894922310341396 +0.9326519691633448	 -8.436239549645634 +6.389436023755451
7.99	 -9.900762590789185 +0.9326481028364402	 -8.442071962160417 +6.391762314606331
8.	 -9.906597410208962 +0.9326442493459393	 -8.447898940682563 +6.394085707061189
8.01	 -9.912426780344813 +0.9326404086339803	 -8.453720496782502 +6.396406208308795
8.02	 -9.918250711421202 +0.9326365806430313	 -8.459536642133894 +6.39872382559939
8.03	 -9.924069216078749 +0.9326327653158901	 -8.465347387138745 +6.401038566015243
8.04	 -9.929882305103495 +0.9326289625956726	 -8.471152743627329 +6.403350436709195
8.05	 -9.935689989423079 +0.9326251724258229	 -8.476952721914504 +6.405659444737235
8.06	 -9.941492280474062 +0.9326213947501041	 -8.482747334038528 +6.40796559721704
8.07	 -9.94728918946299 +0.9326176295126005	 -8.488536590226834 +6.410268901178554
8.08	 -9.953080726860259 +0.9326138766577058	 -8.494320501673425 +6.412569363625757
8.09	 -9.95886690521826 +0.9326101361301338	 -8.500099079203912 +6.414866991580553
8.1	 -9.964647733922085 +0.9326064078749101	 -8.505872333958811 +6.417161792012726
8.11	 -9.970423224299491 +0.9326026918373688	 -8.511640276833353 +6.419453771805344
8.12	 -9.976193388529328 +0.9325989879631488	 -8.517402919001615 +6.421742937929517
8.13	 -9.981958236245113 +0.9325952961981978	 -8.523160270801121 +6.424029297261076
8.14	 -9.987717778892875 +0.9325916164887669	 -8.52891234278061 +6.426312856668041
8.15	 -9.993472027586213 +0.932587948781405	 -8.534659146410355 +6.428593623001952
8.16	 -9.999220992449812 +0.9325842930229673	 -8.54040069121603 +6.430871603019945
8.17	 -10.004964684650231 +0.9325806491606013	 -8.546136989188481 +6.433146803567078
8.18	 -10.010703115611628 +0.9325770171417476	 -8.551868050756445 +6.435419231420128
8.19	 -10.016436294476451 +0.9325733969141494	 -8.55759388609154 +6.437688893270715
8.2	 -10.022164233585066 +0.9325697884258295	 -8.563314505782504 +6.439955795881044
8.21	 -10.027886942308259 +0.9325661916251119	 -8.569029920436346 +6.442219945893906
8.22	 -10.033604432208124 +0.9325626064605982	 -8.57474014091909 +6.444481350031299
8.23	 -10.039316713399796 +0.9325590328811781	 -8.580445177099348 +6.446740014896218
8.24	 -10.045023796396178 +0.9325554708360313	 -8.586145039777168 +6.448995947127902
8.25	 -10.050725691916968 +0.9325519202746099	 -8.591839739632286 +6.451249153315807
8.26	 -10.056422411417941 +0.932548381146652	 -8.59752928659118 +6.453499640025581
8.27	 -10.06211396284656 +0.9325448534021721	 -8.603213690686838 +6.455747413833406
8.28	 -10.067800358910679 +0.9325413369914605	 -8.608892963168534 +6.457992481223366
8.29	 -10.073481609187349 +0.9325378318650811	 -8.614567114105482 +6.460234848724521
8.3	 -10.079157724059595 +0.9325343379738724	 -8.620236152751806 +6.462474522782756
8.31	 -10.084828713333339 +0.9325308552689404	 -8.62590009059848 +6.464711509871895
8.32	 -10.090494588551985 +0.9325273837016607	 -8.631558937075217 +6.466945816442526
8.33	 -10.096155359523364 +0.9325239232236794	 -8.637212702891267 +6.469177448879641
8.34	 -10.101811035754126 +0.9325204737869067	 -8.642861397262918 +6.471406413562359
8.35	 -10.10746162731506 +0.9325170353435106	 -8.64850503158177 +6.473632716889367
8.36	 -10.113107145784763 +0.9325136078459271	 -8.6541436142068 +6.475856365151837
8.37	 -10.118747600203342 +0.932510191246852	 -8.659777157056958 +6.478077364711525
8.38	 -10.124383000968074 +0.9325067854992348	 -8.665405668702485 +6.480295721823072
8.39	 -10.13001335803894 +0.9325033905562863	 -8.671029159982549 +6.482511442769478
8.4	 -10.13563868153033 +0.9325000063714688	 -8.676647640202559 +6.484724533828252
8.41	 -10.14125898132336 +0.9324966328985032	 -8.682261119733617 +6.4869350011873035
8.42	 -10.146874267772482 +0.9324932700913526	 -8.687869608342844 +6.489142851088244
8.43	 -10.152484550377642 +0.9324899179042422	 -8.693473115750693 +6.49134808967503
8.44	 -10.15808983946447 +0.932486576291634	 -8.699071651295952 +6.493550723136981
8.45	 -10.163690144957934 +0.9324832452082423	 -8.704665225411148 +6.495750757633133
8.46	 -10.169285476384603 +0.9324799246090277	 -8.710253848094414 +6.49794819922553
8.47	 -10.174875843642868 +0.9324766144491902	 -8.715837529045608 +6.50014305408017
8.48	 -10.180461256183662 +0.9324733146841755	 -8.721416276934015 +6.502335328216144
8.49	 -10.186041724112208 +0.9324700252696685	 -8.72699010255352 +6.504525027698099
8.5	 -10.191617256903315 +0.9324667461615912	 -8.732559014582845 +6.5067121585527135
8.51	 -10.197187865481796 +0.932463477316102	 -8.738123023338103 +6.508896726835408
8.52	 -10.202753558098397 +0.9324602186895967	 -8.743682138106577 +6.511078738505611
8.53	 -10.208314344853953 +0.9324569702387079	 -8.74923636919254 +6.5132581995185115
8.54	 -10.213870235188502 +0.9324537319202956	 -8.754785724730853 +6.515435115849908
8.55	 -10.219421239241166 +0.9324505036914543	 -8.760330214951715 +6.517609493413338
8.56	 -10.224967365946457 +0.9324472855095071	 -8.765869849953877 +6.519781338109983
8.57	 -10.230508625285063 +0.9324440773320036	 -8.771404637790681 +6.521950655861739
8.58	 -10.236045026497916 +0.9324408791167214	 -8.776934589147732 +6.524117452487427
8.59	 -10.241576579078096 +0.9324376908216655	 -8.782459712354262 +6.526281733843323
8.6	 -10.247103292128083 +0.9324345124050617	 -8.787980017887254 +6.528443505781815
8.61	 -10.252625175922063 +0.9324313438253576	 -8.793495513364363 +6.530602774085672
8.62	 -10.258142239487881 +0.9324281850412222	 -8.79900621041997 +6.532759544558674
8.63	 -10.263654491580867 +0.9324250360115481	 -8.804512116158396 +6.534913822943529
8.64	 -10.269161942076325 +0.9324218966954382	 -8.810013240842329 +6.537065614995875
8.65	 -10.27466460044291 +0.9324187670522166	 -8.815509593704387 +6.539214926443277
8.66	 -10.280162475695905 +0.932415647041425	 -8.821001183818735 +6.541361763009892
8.67	 -10.285655576725972 +0.9324125366228125	 -8.826488020004085 +6.543506130326722
8.68	 -10.29114391303284 +0.9324094357563466	 -8.83197011168885 +6.545648034103232
8.69	 -10.296627494347517 +0.9324063444022013	 -8.83744746833785 +6.547787479996669
8.7	 -10.302106329347042 +0.9324032625207637	 -8.84292009806999 +6.549924473596066
8.71	 -10.30758042674809 +0.9324001900726303	 -8.848388010962863 +6.552059020536315
8.72	 -10.313049796539014 +0.9323971270185987	 -8.853851215440093 +6.5541911263842945
8.73	 -10.318514447041073 +0.9323940733196802	 -8.859309720614135 +6.556320796752694
8.74	 -10.323974387684217 +0.9323910289370831	 -8.86476353531115 +6.5584480371459515
8.75	 -10.32942962691622 +0.9323879938322248	 -8.870212668428277 +6.560572853138691
8.76	 -10.334880174629362 +0.9323849679667217	 -8.875657129433774 +6.562695250205745
8.77	 -10.340326039266206 +0.9323819513023908	 -8.881096926379747 +6.564815233859796
8.78	 -10.345767229969693 +0.9323789438012481	 -8.886532069293592 +6.566932809578649
8.79	 -10.351203755726539 +0.9323759454255108	 -8.891962565419222 +6.569047982797349
8.8	 -10.356635624998548 +0.9323729561375903	 -8.897388424987641 +6.57116075899682
8.81	 -10.362062847153883 +0.9323699759000905	 -8.902809656190298 +6.573271143559088
8.82	 -10.367485430201604 +0.9323670046758203	 -8.908226267628425 +6.575379141920162
8.83	 -10.372903384370058 +0.9323640424277686	 -8.913638268038339 +6.577484759433538
8.84	 -10.378316716816165 +0.9323610891191256	 -8.919045666594677 +6.579588001466678
8.85	 -10.383725437346278 +0.9323581447132681	 -8.924448471804975 +6.581688873376905
8.86	 -10.389129554619041 +0.9323552091737628	 -8.929846691657099 +6.583787380479545
8.87	 -10.394529076869162 +0.9323522824643663	 -8.93524033572724 +6.585883528143786
8.88	 -10.399924013390546 +0.9323493645490222	 -8.94062941236726 +6.587977321585297
8.89	 -10.405314372351347 +0.9323464553918581	 -8.946013929491249 +6.590068766113694
8.9	 -10.410700162436607 +0.9323435549571888	 -8.951393896389833 +6.592157866973054
8.91	 -10.416081391782074 +0.9323406632095119	 -8.956769321341007 +6.594244629437523
8.92	 -10.42145807052929 +0.932337780113505	 -8.962140212916138 +6.596329058715978
8.93	 -10.426830205842657 +0.9323349056340311	 -8.967506579027857 +6.598411159991948
8.94	 -10.432197806670686 +0.9323320397361352	 -8.97286842910143 +6.600490938487071
8.95	 -10.437560881255774 +0.9323291823850346	 -8.978225771268752 +6.602568399342298
8.96	 -10.442919438700311 +0.9323263335461294	 -8.983578613591181 +6.60464354771304
8.97	 -10.448273486439831 +0.9323234931849962	 -8.988926964138683 +6.606716388769082
8.98	 -10.453623034062593 +0.9323206612673862	 -8.994270832344545 +6.608786927584225
8.99	 -10.458968088878068 +0.9323178377592278	 -8.999610225410118 +6.610855169309855
9.	 -10.464308660516966 +0.9323150226266177	 -9.004945152482321 +6.612921119001635
9.01	 -10.46964475614768 +0.9323122158358357	 -9.01027562142432 +6.614984781706335
9.02	 -10.474976384393107 +0.932309417353321	 -9.015601640343812 +6.617046162516783
9.03	 -10.480303554007259 +0.9323066271456925	 -9.020923218092884 +6.619105266454073
9.04	 -10.485626273499111 +0.9323038451797293	 -9.02624036233925 +6.621162098530563
9.05	 -10.490944550071557 +0.9323010714223924	 -9.031553081276378 +6.62321666375768
9.06	 -10.49625839281221 +0.9322983058407973	 -9.036861383308395 +6.625268967122534
9.07	 -10.501567809424875 +0.9322955484022342	 -9.042165276580912 +6.62731901355681
9.08	 -10.506872808495098 +0.9322927990741521	 -9.04746476902922 +6.629366808069472
9.09	 -10.51217339786753 +0.9322900578241702	 -9.052759868908456 +6.631412355567386
9.1	 -10.517469585457922 +0.93228732462007	 -9.058050584263336 +6.633455660987974
9.11	 -10.522761380339183 +0.9322845994297887	 -9.063336922836063 +6.635496729198103
9.12	 -10.528048790037355 +0.9322818822214355	 -9.068618893215756 +6.637535565118527
9.13	 -10.533331822104165 +0.9322791729632762	 -9.0738965028661 +6.639572173607396
9.14	 -10.538610485493667 +0.9322764716237282	 -9.079169760050535 +6.641606559537939
9.15	 -10.543884787865808 +0.9322737781713786	 -9.084438672838441 +6.643638727744268
9.16	 -10.549154736766504 +0.9322710925749651	 -9.08970324851939 +6.645668683029305
9.17	 -10.55442034090807 +0.9322684148033846	 -9.094963495674346 +6.647696430226612
9.18	 -10.559681607606027 +0.9322657448256884	 -9.100219422227083 +6.649721974115479
9.19	 -10.564938545294504 +0.9322630826110837	 -9.105471035647872 +6.65174531948276
9.2	 -10.570191161737377 +0.9322604281289314	 -9.110718343801494 +6.65376647107669
9.21	 -10.575439464906882 +0.9322577813487425	 -9.115961354837626 +6.655785433668522
9.22	 -10.580683462461089 +0.9322551422401838	 -9.121200076176583 +6.657802211983327
9.23	 -10.585923162051943 +0.932252510773072	 -9.126434515417532 +6.659816810707906
9.24	 -10.59115857184554 +0.9322498869173675	 -9.131664681378465 +6.661829234559872
9.25	 -10.596389699586842 +0.9322472706431946	 -9.136890580511123 +6.663839488241559
9.26	 -10.601616552998992 +0.932244661920807	 -9.14211222160349 +6.665847576401951
9.27	 -10.60683914010365 +0.932242060720622	 -9.147329611525008 +6.667853503713202
9.28	 -10.612057468030915 +0.9322394670131926	 -9.152542758437894 +6.669857274801923
9.29	 -10.61727154488096 +0.9322368807692253	 -9.157751669567128 +6.671858894310317
9.3	 -10.62248137850247 +0.9322343019595652	 -9.162956352908918 +6.673858366820021
9.31	 -10.627686976281337 +0.9322317305552035	 -9.168156816132642 +6.6758556969435885
9.32	 -10.632888346038218 +0.9322291665272777	 -9.17335306599058 +6.677850889255994
9.33	 -10.638085495344164 +0.93222660984706	 -9.178545111309617 +6.679843948355472
9.34	 -10.643278431506848 +0.9322240604859721	 -9.183732958784914 +6.681834878757368
9.35	 -10.648467162690954 +0.9322215184155682	 -9.18891661622882 +6.683823685023141
9.36	 -10.653651695708044 +0.9322189836075493	 -9.194096090857185 +6.685810371654341
9.37	 -10.658832038091152 +0.9322164560337534	 -9.19927139016807 +6.687794943160811
9.38	 -10.664008198739038 +0.9322139356661516	 -9.2044425219704 +6.689777404045592
9.39	 -10.669180183692644 +0.9322114224768588	 -9.209609493824862 +6.691757758789829
9.4	 -10.674348001114147 +0.9322089164381188	 -9.214772312247677 +6.693736011860441
9.41	 -10.679511658360598 +0.9322064175223228	 -9.219930985572228 +6.695712167702635
9.42	 -10.684671162318383 +0.9322039257019841	 -9.225085521341533 +6.697686230755031
9.43	 -10.689826521249968 +0.9322014409497579	 -9.23023592608748 +6.699658205434697
9.44	 -10.694977741641136 +0.9321989632384271	 -9.235382206954377 +6.701628096182174
9.45	 -10.700124831696636 +0.9321964925409114	 -9.24052437227953 +6.703595907341602
9.46	 -10.705267798446318 +0.9321940288302626	 -9.245662428491649 +6.705561643333175
9.47	 -10.710406649408657 +0.932191572079657	 -9.250796383421978 +6.707525308510823
9.48	 -10.715541391320379 +0.9321891222624099	 -9.255926243864685 +6.709486907222216
9.49	 -10.720672031839015 +0.9321866793519598	 -9.261052017430607 +6.71144644381625
9.5	 -10.725798578779058 +0.9321842433218713	 -9.266173711173048 +6.713403922628144
9.51	 -10.73092103846065 +0.932181814145844	 -9.271291331694805 +6.71535934793485
9.52	 -10.736039418390895 +0.9321793917977045	 -9.276404887706148 +6.71731272408909
9.53	 -10.741153725818437 +0.9321769762513988	 -9.281514385026535 +6.719264055333403
9.54	 -10.746263968120088 +0.9321745674809998	 -9.286619831270336 +6.721213345963796
9.55	 -10.751370152474456 +0.9321721654607119	 -9.291721233097235 +6.7231606002406155
9.56	 -10.756472285788956 +0.9321697701648605	 -9.296818598673362 +6.725105822373872
9.57	 -10.761570375306995 +0.9321673815678867	 -9.301911933953413 +6.727049016656562
9.58	 -10.766664428370023 +0.9321649996443655	 -9.307001246221086 +6.7289901872500915
9.59	 -10.771754451429151 +0.9321626243689893	 -9.312086542621904 +6.730929338384096
9.6	 -10.776840451684642 +0.9321602557165729	 -9.317167830458546 +6.732866474267638
9.61	 -10.781922437420395 +0.9321578936620452	 -9.322245116925098 +6.734801599059892
9.62	 -10.787000414117971 +0.9321555381804639	 -9.32731840806357 +6.736734716921825
9.63	 -10.792074389727595 +0.9321531892470017	 -9.332387711898596 +6.73866583203089
9.64	 -10.79714437051903 +0.9321508468369505	 -9.337453034171755 +6.740594948507528
9.65	 -10.802210363918205 +0.9321485109257185	 -9.342514382750895 +6.742522070496099
9.66	 -10.807272377300945 +0.9321461814888325	 -9.347571764602598 +6.744447202113478
9.67	 -10.812330416516309 +0.9321438585019367	 -9.352625185650547 +6.746370347427238
9.68	 -10.817384489312559 +0.9321415419407901	 -9.357674653703459 +6.748291510572822
9.69	 -10.822434602000344 +0.9321392317812636	 -9.362720175350583 +6.750210695621759
9.7	 -10.827480762594147 +0.9321369279993471	 -9.36776175754289 +6.75212790661846
9.71	 -10.832522976609567 +0.9321346305711447	 -9.3727994065715 +6.754043147609494
9.72	 -10.837561251745827 +0.9321323394728678	 -9.377833129424358 +6.755956422672625
9.73	 -10.842595594750064 +0.9321300546808473	 -9.382862933579194 +6.757867735807663
9.74	 -10.847626011930318 +0.9321277761715213	 -9.387888825054839 +6.759777091031198
9.75	 -10.852652510346939 +0.9321255039214401	 -9.39291081049337 +6.761684492354761
9.76	 -10.857675097055386 +0.9321232379072669	 -9.397928896953982 +6.763589943763113
9.77	 -10.86269377789046 +0.9321209781057732	 -9.402943090911798 +6.76549344922882
9.78	 -10.867708560783427 +0.9321187244938368	 -9.407953399837362 +6.767395012741237
9.79	 -10.872719451692744 +0.9321164770484508	 -9.412959829504079 +6.769294638241406
9.8	 -10.877726458062495 +0.9321142357467079	 -9.417962386638258 +6.771192329643919
9.81	 -10.882729585427562 +0.9321120005658177	 -9.422961077948138 +6.773088090930787
9.82	 -10.887728841512654 +0.9321097714830888	 -9.42795591045524 +6.774981925978207
9.83	 -10.892724232322976 +0.9321075484759396	 -9.43294689037038 +6.776873838736983
9.84	 -10.897715764552668 +0.9321053315218946	 -9.437934024463376 +6.778763833073993
9.85	 -10.902703444892284 +0.9321031205985851	 -9.442917319198537 +6.780651912844402
9.86	 -10.907687280631023 +0.9321009156837381	 -9.44789678089404 +6.782538081949111
9.87	 -10.912667277032066 +0.9320987167551948	 -9.452872416482172 +6.784422344255683
9.88	 -10.917643441664843 +0.932096523790897	 -9.45784423190273 +6.7863047036056425
9.89	 -10.922615780804817 +0.9320943367688841	 -9.462812234467869 +6.788185163836071
9.9	 -10.92758430056831 +0.9320921556673026	 -9.467776429997604 +6.790063728758171
9.91	 -10.932549007583864 +0.9320899804644005	 -9.472736825125336 +6.791940402193082
9.92	 -10.937509909317521 +0.9320878111385216	 -9.477693426352598 +6.793815187936152
9.93	 -10.942467010494433 +0.9320856476681196	 -9.482646240462827 +6.795688089792686
9.94	 -10.9474203188596 +0.9320834900317401	 -9.48759527294033 +6.797559111520947
9.95	 -10.952369840615212 +0.9320813382080303	 -9.492540531431318 +6.799428256910585
9.96	 -10.957315582188695 +0.9320791921757328	 -9.49748202069134 +6.80129552969724
9.97	 -10.962257549479958 +0.9320770519136994	 -9.502419748345767 +6.803160933655034
9.98	 -10.9671957496775 +0.932074917400863	 -9.507353720580847 +6.805024472461716
9.99	 -10.972130188633445 +0.9320727886162699	 -9.512283943439355 +6.806886149904444
10.	 -10.977060872468023 +0.9320706655390527	 -9.517210422906201 +6.808745969645817